Years,ACCESS-CM2,ACCESS-ESM1-5,BCC-CSM2-MR,CESM2,CMCC-ESM2,CNRM-CM6-1,CNRM-ESM2-1,EC-Earth3,FGOALS-g3,GFDL-ESM4,GISS-E2-1-G,INM-CM4-8,INM-CM5-0,IPSL-CM6A-LR,KACE-1-0-G,MIROC6,MIROC-ES2L,MPI-ESM1-2-HR,MPI-ESM1-2-LR,MRI-ESM2-0,NorESM2-LM,NorESM2-MM,MME-mean,MME-median,MME-pct25,MME-pct75,MME-pct05,MME-pct95
1950.0,20.96976089477539,20.73532485961914,20.46097755432129,NaN,21.031757354736328,21.494672775268555,19.95145034790039,21.825475692749023,20.90486717224121,20.779043197631836,20.61975860595703,21.99565315246582,21.052337646484375,20.46644401550293,20.221620559692383,19.500654220581055,21.945247650146484,21.34441375732422,21.11079978942871,21.17087173461914,21.18115997314453,20.959123611450195,20.93911497933524,20.96976089477539,20.61975860595703,21.18115997314453,19.95145034790039,21.945247650146484
1951.0,20.290666580200195,19.97197151184082,21.297042846679688,NaN,19.82866096496582,21.39006996154785,22.049072265625,20.671964645385742,21.088890075683594,22.435083389282227,21.99895668029785,20.953121185302734,21.573165893554688,21.40945053100586,22.24405860900879,20.263370513916016,19.793987274169922,18.99441909790039,21.555803298950195,21.02691078186035,21.535310745239258,21.77676010131836,21.054701759701683,21.297042846679688,20.290666580200195,21.573165893554688,19.793987274169922,22.24405860900879
1952.0,21.42680549621582,20.564956665039062,20.397987365722656,NaN,21.58240509033203,20.311847686767578,20.564565658569336,21.02593421936035,20.515981674194336,21.53263282775879,19.851322174072266,21.87514305114746,21.308998107910156,20.914026260375977,21.01858901977539,19.26936912536621,20.324363708496094,19.727895736694336,21.428037643432617,20.075889587402344,19.669769287109375,20.90311622619629,20.680458886282786,20.564956665039062,20.311847686767578,21.308998107910156,19.669769287109375,21.58240509033203
1953.0,19.77381134033203,22.160629272460938,22.295326232910156,NaN,20.972047805786133,21.035463333129883,20.50054931640625,20.85848617553711,20.07415008544922,20.520671844482422,19.919315338134766,21.792797088623047,19.76603126525879,21.44011688232422,21.601913452148438,20.315753936767578,20.089895248413086,21.16900062561035,20.082773208618164,21.326658248901367,20.299484252929688,21.271825790405273,20.82222384498233,20.85848617553711,20.089895248413086,21.326658248901367,19.77381134033203,22.160629272460938
1954.0,20.462154388427734,19.897010803222656,21.2110652923584,NaN,20.34029197692871,20.499446868896484,19.957979202270508,20.854663848876953,20.47626495361328,21.426307678222656,20.287425994873047,21.748613357543945,22.4140625,21.39252471923828,21.077939987182617,20.96872901916504,19.616409301757812,22.114612579345703,19.873279571533203,21.296478271484375,21.044422149658203,20.365001678466797,20.82498495919364,20.854663848876953,20.34029197692871,21.296478271484375,19.873279571533203,22.114612579345703
1955.0,20.452306747436523,21.570528030395508,20.969911575317383,NaN,19.497106552124023,19.738069534301758,20.82059669494629,22.085561752319336,20.41572380065918,21.08894157409668,21.569992065429688,20.183879852294922,21.23050880432129,22.316930770874023,20.29168701171875,20.51216697692871,20.100605010986328,20.719974517822266,19.76374626159668,20.437896728515625,20.962188720703125,20.659055709838867,20.73273231869652,20.659055709838867,20.29168701171875,21.08894157409668,19.738069534301758,22.085561752319336
1956.0,22.18886947631836,20.60698890686035,21.19257354736328,NaN,19.97803497314453,20.231224060058594,20.603132247924805,21.005815505981445,21.257478713989258,22.782705307006836,21.035825729370117,20.73340606689453,20.27029800415039,20.018991470336914,20.71078109741211,22.91024398803711,20.896482467651367,20.87855339050293,21.20465850830078,21.426605224609375,21.528308868408203,20.730783462524414,21.0567505246117,20.896482467651367,20.60698890686035,21.257478713989258,20.018991470336914,22.782705307006836
1957.0,20.94049835205078,21.442398071289062,20.974992752075195,NaN,21.818492889404297,20.854001998901367,20.52825355529785,20.41914939880371,20.427417755126953,21.965965270996094,20.0071964263916,21.23807716369629,21.804536819458008,20.1616153717041,20.920135498046875,22.00806427001953,21.006423950195312,21.47015953063965,20.953716278076172,21.488914489746094,20.912609100341797,20.637666702270508,21.046680268787203,20.953716278076172,20.637666702270508,21.47015953063965,20.1616153717041,21.965965270996094
1958.0,20.751667022705078,21.50497817993164,20.552343368530273,NaN,20.687036514282227,20.32550621032715,20.543365478515625,21.404525756835938,20.057458877563477,20.375316619873047,20.979476928710938,21.739286422729492,21.33834457397461,20.3098201751709,19.610544204711914,22.209251403808594,20.367467880249023,22.416519165039062,21.485200881958008,20.97914695739746,21.1585636138916,20.212533950805664,20.905159723191034,20.751667022705078,20.367467880249023,21.404525756835938,20.057458877563477,22.209251403808594
1959.0,20.712120056152344,19.927053451538086,19.596529006958008,NaN,21.892147064208984,21.400651931762695,21.309537887573242,21.805265426635742,19.694908142089844,20.51927947998047,22.238771438598633,20.82999610900879,20.5123348236084,21.049663543701172,20.504039764404297,21.571533203125,19.86964988708496,21.489355087280273,21.38850212097168,21.09027671813965,21.63908576965332,20.09279441833496,20.91111882527669,21.049663543701172,20.504039764404297,21.489355087280273,19.694908142089844,21.892147064208984
1960.0,21.739850997924805,21.672561645507812,20.524267196655273,NaN,20.59201431274414,21.088207244873047,21.705808639526367,22.015562057495117,20.137426376342773,19.57887840270996,20.708284378051758,20.464719772338867,22.339786529541016,21.52715492248535,20.349384307861328,21.947219848632812,20.615968704223633,20.276803970336914,20.8088436126709,22.264238357543945,20.534366607666016,20.526180267333984,21.019882292974565,20.708284378051758,20.524267196655273,21.705808639526367,20.137426376342773,22.264238357543945
1961.0,21.072847366333008,20.239965438842773,20.826765060424805,NaN,20.87732696533203,21.666854858398438,21.302663803100586,20.918062210083008,20.113725662231445,20.515350341796875,20.85747718811035,21.242252349853516,22.61235237121582,21.254091262817383,21.42973518371582,20.610393524169922,21.01411247253418,19.964107513427734,21.48331069946289,20.682233810424805,19.499786376953125,20.972938537597656,20.912207285563152,20.918062210083008,20.610393524169922,21.254091262817383,19.964107513427734,21.666854858398438
1962.0,21.04620933532715,20.688810348510742,21.082406997680664,NaN,20.47172737121582,20.71674919128418,21.049413681030273,20.986038208007812,20.781394958496094,21.423234939575195,21.020654678344727,20.36912727355957,20.921422958374023,20.852500915527344,20.854537963867188,20.056068420410156,21.156875610351562,21.218772888183594,20.964244842529297,20.89460563659668,20.154035568237305,20.470487594604492,20.81806282770066,20.89460563659668,20.688810348510742,21.04620933532715,20.154035568237305,21.218772888183594
1963.0,21.98621368408203,20.483928680419922,21.52871322631836,NaN,21.364830017089844,21.241455078125,20.61879539489746,20.721982955932617,21.24658203125,21.003765106201172,20.52254295349121,20.83502960205078,19.305845260620117,20.564775466918945,21.27145004272461,20.13550567626953,21.127357482910156,20.627344131469727,21.743026733398438,21.560096740722656,20.129146575927734,20.345983505249023,20.874493826003302,20.83502960205078,20.52254295349121,21.27145004272461,20.129146575927734,21.743026733398438
1964.0,20.067806243896484,21.262372970581055,21.14482879638672,NaN,20.058149337768555,21.197996139526367,20.52559471130371,19.707387924194336,20.158639907836914,21.036893844604492,19.893795013427734,21.09073257446289,19.252521514892578,21.545412063598633,19.778526306152344,20.400279998779297,19.765653610229492,20.670650482177734,20.087963104248047,22.05695343017578,20.58254051208496,20.950592041015625,20.535013834635418,20.52559471130371,20.058149337768555,21.09073257446289,19.707387924194336,21.545412063598633
1965.0,21.009578704833984,19.75383186340332,20.97574234008789,NaN,20.91561508178711,20.703596115112305,20.580339431762695,20.41141700744629,20.29426383972168,20.80849838256836,20.79138946533203,20.9505672454834,19.172788619995117,20.895479202270508,20.99106216430664,19.849233627319336,20.054250717163086,20.9163761138916,20.446178436279297,21.12748146057129,20.257591247558594,20.908191680908203,20.56254632132394,20.79138946533203,20.29426383972168,20.9163761138916,19.75383186340332,21.009578704833984
1966.0,20.94687843322754,20.864713668823242,21.28476333618164,NaN,19.987634658813477,19.96139907836914,20.339618682861328,21.066726684570312,19.04938316345215,21.201692581176758,20.509258270263672,19.82427406311035,21.29280662536621,20.603357315063477,20.809738159179688,20.25617218017578,20.14089584350586,20.51289939880371,21.06901741027832,21.831541061401367,21.569927215576172,20.639421463012695,20.655339013962518,20.639421463012695,20.25617218017578,21.06901741027832,19.82427406311035,21.569927215576172
1967.0,21.127599716186523,20.851537704467773,21.016836166381836,NaN,20.295818328857422,20.777257919311523,19.980091094970703,20.736818313598633,20.2417049407959,20.76371955871582,19.280986785888672,20.722259521484375,21.38981819152832,20.694442749023438,20.669748306274414,20.347076416015625,19.85880470275879,22.444217681884766,19.666080474853516,20.82172203063965,21.124679565429688,20.38701057434082,20.628487178257533,20.722259521484375,20.295818328857422,20.851537704467773,19.666080474853516,21.38981819152832
1968.0,20.8251895904541,21.02570343017578,20.203556060791016,NaN,20.10746192932129,19.719650268554688,20.723466873168945,22.480730056762695,21.032699584960938,20.99717903137207,20.200345993041992,20.13373374938965,20.64067840576172,19.80891990661621,20.082048416137695,19.621864318847656,19.647401809692383,23.082801818847656,20.714632034301758,19.989404678344727,20.336360931396484,20.614742279052734,20.570884341285343,20.336360931396484,20.082048416137695,20.8251895904541,19.647401809692383,22.480730056762695
1969.0,19.635475158691406,20.93648910522461,20.059001922607422,NaN,21.505186080932617,21.086454391479492,19.817249298095703,19.697107315063477,19.42144203186035,20.72124671936035,20.089967727661133,21.062999725341797,19.963647842407227,20.536195755004883,21.62894058227539,19.677324295043945,20.498689651489258,21.320438385009766,20.6533145904541,20.091886520385742,20.30280303955078,21.543718338012695,20.48807516552153,20.498689651489258,19.963647842407227,21.062999725341797,19.635475158691406,21.543718338012695
1970.0,20.733928680419922,20.35870933532715,20.734201431274414,NaN,21.192113876342773,21.049245834350586,20.306974411010742,20.561439514160156,20.359914779663086,21.15371322631836,21.904375076293945,22.3690128326416,21.07880401611328,21.125720977783203,20.039936065673828,19.454843521118164,19.872472763061523,21.116445541381836,20.279644012451172,20.882720947265625,20.838359832763672,20.756786346435547,20.76996966770717,20.756786346435547,20.35870933532715,21.116445541381836,19.872472763061523,21.904375076293945
1971.0,20.625825881958008,20.36330795288086,21.541383743286133,NaN,21.113937377929688,20.938282012939453,21.26853370666504,20.80917739868164,20.71044158935547,21.352725982666016,20.11807632446289,20.801908493041992,21.31339454650879,21.097352981567383,21.12520408630371,20.70499038696289,20.11241912841797,21.85896110534668,20.88602066040039,21.289628982543945,20.112913131713867,19.528059005737305,20.841549737112864,20.88602066040039,20.625825881958008,21.26853370666504,20.11241912841797,21.541383743286133
1972.0,21.22760772705078,20.20661735534668,20.841197967529297,NaN,20.320085525512695,21.747709274291992,20.752445220947266,21.37371063232422,20.54659080505371,20.99083709716797,21.383251190185547,20.988449096679688,21.018932342529297,20.426849365234375,21.25432777404785,20.594404220581055,21.144325256347656,21.747278213500977,20.30132484436035,20.2890682220459,21.20199203491211,20.81631851196289,20.913015365600586,20.988449096679688,20.54659080505371,21.22760772705078,20.2890682220459,21.747278213500977
1973.0,20.583593368530273,20.967790603637695,20.65113067626953,NaN,20.52181053161621,21.484678268432617,20.386173248291016,20.58865737915039,20.107357025146484,20.826557159423828,19.874061584472656,20.226743698120117,21.18406105041504,21.54119110107422,21.691450119018555,20.842815399169922,20.315168380737305,21.23233413696289,19.63486099243164,20.227832794189453,20.54959487915039,20.45595932006836,20.661610557919456,20.583593368530273,20.315168380737305,20.967790603637695,19.874061584472656,21.54119110107422
1974.0,21.15182113647461,21.655017852783203,19.648479461669922,NaN,21.218385696411133,19.433443069458008,20.737060546875,22.004995346069336,21.459732055664062,21.31175422668457,21.075273513793945,20.856971740722656,21.32021713256836,20.49616050720215,20.78078842163086,20.329910278320312,20.579801559448242,19.58637809753418,20.811874389648438,21.37252426147461,20.882781982421875,20.235811233520508,20.807103929065523,20.856971740722656,20.49616050720215,21.31175422668457,19.58637809753418,21.655017852783203
1975.0,22.07947540283203,20.398941040039062,21.33542823791504,NaN,20.679195404052734,20.948280334472656,20.43636703491211,21.785879135131836,20.371746063232422,21.641765594482422,21.22888946533203,19.562211990356445,21.338380813598633,20.869169235229492,21.52437400817871,20.1068115234375,21.67963981628418,21.078365325927734,20.75733184814453,21.20322608947754,20.850845336914062,20.09046173095703,20.950799306233723,20.948280334472656,20.43636703491211,21.338380813598633,20.09046173095703,21.785879135131836
1976.0,22.125080108642578,20.470815658569336,20.78960418701172,NaN,21.158615112304688,21.54804039001465,20.15546226501465,20.97908592224121,20.97852897644043,20.089313507080078,21.256629943847656,21.538801193237305,21.443300247192383,20.439857482910156,20.891603469848633,20.568775177001953,21.0278377532959,21.62567710876465,21.009754180908203,20.182857513427734,20.495473861694336,20.253284454345703,20.90611421494257,20.97852897644043,20.470815658569336,21.256629943847656,20.15546226501465,21.62567710876465
1977.0,20.39164161682129,20.532360076904297,21.365245819091797,NaN,21.449106216430664,19.70206069946289,20.536775588989258,21.25119400024414,20.87767219543457,20.581546783447266,20.27318000793457,21.573486328125,20.164764404296875,20.841524124145508,20.581714630126953,21.517345428466797,20.721792221069336,21.536861419677734,20.817750930786133,21.066682815551758,20.22479248046875,20.634170532226562,20.792460396176292,20.721792221069336,20.532360076904297,21.25119400024414,20.164764404296875,21.536861419677734
1978.0,20.90803337097168,20.826345443725586,22.466577529907227,NaN,21.021652221679688,21.567222595214844,20.3560733795166,20.07657814025879,21.7072696685791,21.17139434814453,19.830408096313477,21.173439025878906,21.05858612060547,20.067974090576172,19.99903106689453,21.87872886657715,20.691293716430664,20.12724494934082,21.329113006591797,21.310199737548828,20.627513885498047,21.184894561767578,20.92283684866769,21.021652221679688,20.3560733795166,21.310199737548828,19.99903106689453,21.87872886657715
1979.0,21.636451721191406,20.89653205871582,21.862167358398438,NaN,20.100200653076172,19.95977783203125,22.480375289916992,21.38405418395996,22.02290916442871,21.932220458984375,20.953617095947266,20.36620330810547,20.626976013183594,21.509252548217773,20.830272674560547,20.902103424072266,21.416934967041016,21.082921981811523,20.629262924194336,20.38797378540039,21.367258071899414,20.22853660583496,21.07504772004627,20.953617095947266,20.626976013183594,21.509252548217773,20.100200653076172,22.02290916442871
1980.0,20.340578079223633,21.398212432861328,21.128738403320312,NaN,21.075801849365234,21.392131805419922,21.649921417236328,22.109529495239258,22.025949478149414,22.47589874267578,22.037269592285156,21.23882293701172,21.001033782958984,21.0870304107666,20.457530975341797,22.222835540771484,20.65383529663086,21.153547286987305,21.55720329284668,20.973573684692383,20.601898193359375,20.27054786682129,21.278661455426896,21.153547286987305,20.973573684692383,21.649921417236328,20.340578079223633,22.222835540771484
1981.0,20.700908660888672,20.467893600463867,21.506973266601562,NaN,20.254064559936523,20.903181076049805,22.781723022460938,20.847375869750977,20.68981170654297,20.309064865112305,20.274980545043945,19.870317459106445,21.45024299621582,20.551427841186523,19.981853485107422,20.04008674621582,21.57310676574707,21.097503662109375,20.822608947753906,20.44094467163086,21.088600158691406,20.819265365600586,20.784377870105562,20.700908660888672,20.309064865112305,21.088600158691406,19.981853485107422,21.57310676574707
1982.0,20.3515567779541,19.96065330505371,20.7907772064209,NaN,20.695833206176758,20.305736541748047,21.269559860229492,20.070947647094727,21.526947021484375,20.740629196166992,19.702890396118164,21.091407775878906,20.273273468017578,20.641061782836914,22.051637649536133,20.670860290527344,22.03114891052246,21.416393280029297,21.733924865722656,20.550556182861328,21.300579071044922,21.940975189208984,20.910349982125418,20.740629196166992,20.3515567779541,21.416393280029297,19.96065330505371,22.03114891052246
1983.0,20.399309158325195,21.211463928222656,20.618371963500977,NaN,20.01565170288086,21.162494659423828,21.107711791992188,19.208730697631836,20.60577964782715,20.339040756225586,20.864013671875,19.482818603515625,20.257923126220703,20.467119216918945,21.801389694213867,20.681339263916016,21.492368698120117,21.19188690185547,21.264848709106445,20.30792999267578,20.89103126525879,20.794116973876953,20.674540020170667,20.681339263916016,20.339040756225586,21.162494659423828,19.482818603515625,21.492368698120117
1984.0,20.745115280151367,19.62514877319336,20.175615310668945,NaN,20.71849250793457,22.643566131591797,19.92594337463379,20.04164695739746,21.839895248413086,21.633338928222656,23.18898582458496,20.314865112304688,21.135297775268555,19.505542755126953,21.156618118286133,20.136581420898438,20.774707794189453,21.11795997619629,21.857406616210938,20.737472534179688,19.905017852783203,20.549720764160156,20.844235193161737,20.737472534179688,20.136581420898438,21.156618118286133,19.62514877319336,22.643566131591797
1985.0,20.97406578063965,20.95631217956543,21.680736541748047,NaN,20.946287155151367,20.877016067504883,20.974441528320312,21.558612823486328,20.74508285522461,21.11368179321289,20.830442428588867,21.356054306030273,21.738080978393555,21.030258178710938,22.10218048095703,21.366191864013672,20.99711036682129,20.099258422851562,22.064624786376953,20.910404205322266,20.891944885253906,20.218900680541992,21.11579468136742,20.974441528320312,20.891944885253906,21.366191864013672,20.218900680541992,22.064624786376953
1986.0,20.727855682373047,20.587106704711914,19.97421646118164,NaN,21.049638748168945,21.41212272644043,21.224699020385742,20.35651397705078,20.903640747070312,20.49273109436035,20.866056442260742,20.900875091552734,21.954999923706055,21.162885665893555,21.735403060913086,20.913982391357422,21.218154907226562,20.185697555541992,21.644771575927734,21.722145080566406,20.77174186706543,20.72369384765625,20.977568217686244,20.903640747070312,20.72369384765625,21.224699020385742,20.185697555541992,21.735403060913086
1987.0,21.123165130615234,22.078109741210938,20.761598587036133,NaN,21.264453887939453,22.7074031829834,20.729352951049805,19.508235931396484,21.35079002380371,21.630321502685547,20.041988372802734,21.182336807250977,22.373497009277344,21.635955810546875,21.580820083618164,21.813589096069336,20.312610626220703,20.003326416015625,21.086198806762695,20.337064743041992,21.053632736206055,21.71236801147461,21.156515212286088,21.182336807250977,20.729352951049805,21.635955810546875,20.003326416015625,22.373497009277344
1988.0,21.21702766418457,21.127443313598633,22.427644729614258,NaN,22.050121307373047,21.720657348632812,20.846927642822266,21.185436248779297,20.64996910095215,20.71061897277832,22.7403621673584,21.96445083618164,21.263051986694336,21.13886260986328,20.032350540161133,21.279640197753906,20.46446418762207,20.49362564086914,21.787555694580078,20.509479522705078,21.75029754638672,20.697975158691406,21.240855353219168,21.185436248779297,20.697975158691406,21.75029754638672,20.46446418762207,22.427644729614258
1989.0,20.81768035888672,20.05282211303711,21.4527587890625,NaN,20.635740280151367,19.9564151763916,20.479665756225586,21.564983367919922,20.871065139770508,21.902055740356445,20.496109008789062,21.904298782348633,20.149375915527344,20.18943977355957,22.15441131591797,21.75832748413086,19.55911636352539,20.727115631103516,20.430957794189453,21.115476608276367,20.936819076538086,20.9124755859375,20.86033857436407,20.81768035888672,20.430957794189453,21.4527587890625,19.9564151763916,21.904298782348633
1990.0,20.510915756225586,19.980121612548828,21.446374893188477,NaN,21.689388275146484,21.107250213623047,20.841957092285156,20.818937301635742,22.237308502197266,20.534786224365234,20.16991424560547,21.079803466796875,20.780349731445312,21.005300521850586,21.08934783935547,20.6134090423584,21.30495834350586,21.330081939697266,20.090572357177734,21.00478744506836,20.63625144958496,21.74243927001953,20.953059786841983,21.00478744506836,20.6134090423584,21.30495834350586,20.090572357177734,21.74243927001953
1991.0,21.566444396972656,20.581493377685547,20.557941436767578,NaN,20.140783309936523,21.64042091369629,21.981616973876953,21.53288459777832,21.66933822631836,21.802248001098633,21.42450523376465,21.64161491394043,20.613231658935547,21.249061584472656,21.62496566772461,20.932004928588867,21.89565086364746,20.58501625061035,20.27372932434082,20.028121948242188,21.25033187866211,21.139101028442383,21.149071738833474,21.25033187866211,20.58501625061035,21.64042091369629,20.140783309936523,21.89565086364746
1992.0,21.240312576293945,20.03358268737793,20.52822494506836,NaN,20.985464096069336,21.435348510742188,21.414480209350586,20.83409309387207,21.565425872802734,21.419633865356445,21.081575393676758,21.045408248901367,21.13066291809082,20.098939895629883,22.01284408569336,20.105670928955078,21.82647132873535,20.02278709411621,21.58479118347168,20.657468795776367,21.604015350341797,21.569499969482422,21.056985764276412,21.13066291809082,20.657468795776367,21.565425872802734,20.03358268737793,21.82647132873535
1993.0,20.603137969970703,21.901166915893555,20.3687801361084,NaN,19.83745765686035,20.569005966186523,20.909847259521484,20.92523765563965,21.39223861694336,20.538665771484375,21.03567886352539,21.698495864868164,18.77174949645996,20.828855514526367,21.955244064331055,21.539974212646484,22.248455047607422,20.998769760131836,20.059743881225586,21.222070693969727,20.893051147460938,20.63808822631836,20.901700701032365,20.909847259521484,20.569005966186523,21.39223861694336,19.83745765686035,21.955244064331055
1994.0,20.225095748901367,21.372676849365234,21.119976043701172,NaN,21.504009246826172,22.516382217407227,20.24355697631836,21.74859046936035,21.523595809936523,21.70733070373535,21.227985382080078,21.199865341186523,20.051111221313477,20.48293685913086,20.65184211730957,21.199068069458008,20.275331497192383,20.315082550048828,21.857467651367188,21.365697860717773,21.812007904052734,20.896440505981445,21.10933576311384,21.199865341186523,20.48293685913086,21.523595809936523,20.225095748901367,21.857467651367188
1995.0,21.080385208129883,22.214635848999023,20.627323150634766,NaN,21.338516235351562,20.126502990722656,21.39099884033203,20.725435256958008,21.53997039794922,21.43564224243164,22.76270294189453,21.890756607055664,21.543212890625,20.708396911621094,20.900957107543945,21.177391052246094,21.066566467285156,19.7770938873291,21.598283767700195,21.372081756591797,21.44455337524414,21.317609786987305,21.239953177315847,21.338516235351562,20.900957107543945,21.53997039794922,20.126502990722656,22.214635848999023
1996.0,20.43067169189453,21.649322509765625,20.76027488708496,NaN,19.99836540222168,21.286516189575195,20.491065979003906,20.906309127807617,20.855730056762695,20.967636108398438,21.314533233642578,21.3463077545166,21.152795791625977,22.361106872558594,20.776721954345703,20.63324546813965,21.178842544555664,20.346282958984375,21.18199920654297,20.65314483642578,21.398305892944336,21.63896369934082,21.01562581743513,20.967636108398438,20.65314483642578,21.314533233642578,20.346282958984375,21.649322509765625
1997.0,22.37261390686035,21.633094787597656,21.159133911132812,NaN,20.562421798706055,22.15986442565918,21.384098052978516,21.792085647583008,20.74506378173828,20.69781494140625,21.700489044189453,20.12167739868164,21.4431095123291,21.597179412841797,22.17835807800293,21.600889205932617,21.888090133666992,22.396093368530273,20.812374114990234,21.54578399658203,20.76841163635254,21.009431838989258,21.408003761654808,21.54578399658203,20.812374114990234,21.792085647583008,20.562421798706055,22.37261390686035
1998.0,20.91042709350586,21.95362663269043,20.928363800048828,NaN,20.815752029418945,20.483320236206055,21.06464385986328,20.758275985717773,23.037845611572266,21.381183624267578,20.9079532623291,21.104841232299805,21.196231842041016,21.59884262084961,22.63937759399414,20.63278579711914,23.183055877685547,21.90509605407715,20.52886390686035,20.811891555786133,22.771772384643555,21.379558563232422,21.428271884009952,21.104841232299805,20.815752029418945,21.90509605407715,20.52886390686035,23.037845611572266
1999.0,21.551929473876953,21.729225158691406,22.09983253479004,NaN,22.54098129272461,21.25909996032715,21.851289749145508,21.28061866760254,21.884937286376953,20.081132888793945,21.67508888244629,21.450786590576172,21.837181091308594,20.279600143432617,22.49959945678711,22.241472244262695,20.90507698059082,21.713054656982422,22.49014663696289,21.85523796081543,22.728548049926758,21.82355499267578,21.703733080909366,21.82355499267578,21.450786590576172,22.09983253479004,20.279600143432617,22.54098129272461
2000.0,21.55257225036621,22.159574508666992,22.614179611206055,NaN,21.346906661987305,21.418222427368164,21.440942764282227,20.855724334716797,21.272214889526367,20.334430694580078,22.17159652709961,21.19396209716797,21.43194007873535,20.95670509338379,22.09760856628418,22.474882125854492,22.390552520751953,21.381914138793945,21.286317825317383,21.875789642333984,21.669740676879883,21.635345458984375,21.598148709251767,21.440942764282227,21.286317825317383,22.09760856628418,20.855724334716797,22.474882125854492
2001.0,21.822586059570312,21.930313110351562,20.14133071899414,NaN,21.50434112548828,21.31932258605957,20.890901565551758,20.27603530883789,21.57083511352539,21.750635147094727,22.20684051513672,21.23299217224121,22.411378860473633,22.266172409057617,21.00910186767578,21.826452255249023,22.196186065673828,21.04207420349121,21.342540740966797,20.281063079833984,21.656862258911133,22.522634506225586,21.485742841448104,21.57083511352539,21.04207420349121,21.930313110351562,20.27603530883789,22.411378860473633
2002.0,22.216157913208008,22.131380081176758,21.204059600830078,NaN,22.250913619995117,22.197755813598633,22.775537490844727,21.5054874420166,21.65293312072754,21.465389251708984,20.822309494018555,22.100440979003906,22.281919479370117,21.21027946472168,21.87306785583496,22.810518264770508,22.013683319091797,22.544498443603516,22.331377029418945,21.225910186767578,21.518220901489258,22.096954345703125,21.91565686180478,22.096954345703125,21.5054874420166,22.250913619995117,21.204059600830078,22.775537490844727
2003.0,21.471059799194336,22.92090606689453,21.90041732788086,NaN,21.866840362548828,21.581132888793945,21.15097427368164,22.405075073242188,21.521778106689453,19.19763946533203,19.422231674194336,22.58685874938965,20.51102066040039,21.342802047729492,22.08803939819336,21.596471786499023,21.36030387878418,21.828598022460938,21.908891677856445,20.880111694335938,21.191753387451172,20.812959671020508,21.406946000598726,21.521778106689453,21.15097427368164,21.90041732788086,19.422231674194336,22.58685874938965
2004.0,21.408977508544922,22.143877029418945,21.181503295898438,NaN,21.28485107421875,21.23352813720703,21.80664825439453,20.996793746948242,20.114212036132812,21.52687644958496,23.470857620239258,21.958826065063477,20.799110412597656,21.871667861938477,20.56865882873535,21.78374671936035,22.544546127319336,22.23923683166504,21.0836181640625,20.920190811157227,21.271930694580078,22.01177978515625,21.53435416448684,21.408977508544922,21.0836181640625,21.958826065063477,20.56865882873535,22.544546127319336
2005.0,21.80263900756836,20.9449520111084,22.726184844970703,NaN,21.808223724365234,21.233646392822266,21.21210479736328,20.690427780151367,21.088424682617188,21.049318313598633,21.713090896606445,21.35753631591797,20.222618103027344,22.68008041381836,21.276453018188477,22.978689193725586,23.19428825378418,22.250131607055664,22.113727569580078,22.321090698242188,21.181320190429688,22.24021339416504,21.71834100995745,21.713090896606445,21.181320190429688,22.250131607055664,20.690427780151367,22.978689193725586
2006.0,21.428659439086914,21.558897018432617,20.33408546447754,NaN,21.931880950927734,22.24931526184082,21.581266403198242,21.150964736938477,22.134157180786133,22.424663543701172,21.335786819458008,21.68500328063965,20.99750328063965,21.532550811767578,23.419818878173828,22.27591323852539,22.081605911254883,22.14183235168457,22.42999839782715,22.520795822143555,21.7906551361084,22.36229705810547,21.874650046938942,21.931880950927734,21.532550811767578,22.27591323852539,20.99750328063965,22.520795822143555
2007.0,22.095754623413086,21.086633682250977,21.183008193969727,NaN,23.130022048950195,19.648162841796875,22.320877075195312,21.21075439453125,22.036521911621094,21.095884323120117,21.16133689880371,22.562206268310547,21.62986183166504,23.105281829833984,21.453304290771484,22.145038604736328,21.398481369018555,22.293973922729492,21.88895034790039,21.927629470825195,22.39892578125,22.963972091674805,21.844599133446103,21.927629470825195,21.21075439453125,22.320877075195312,21.086633682250977,23.105281829833984
2008.0,21.767559051513672,21.43592643737793,21.645387649536133,NaN,23.246877670288086,21.741823196411133,21.210784912109375,21.660531997680664,20.90131187438965,22.06275177001953,22.651508331298828,21.697877883911133,23.069223403930664,21.73196792602539,20.886016845703125,21.157676696777344,20.791120529174805,22.15706443786621,21.836807250976562,21.63132095336914,22.44261360168457,21.067344665527344,21.752071289789107,21.697877883911133,21.210784912109375,22.06275177001953,20.886016845703125,23.069223403930664
2009.0,21.80670928955078,21.052593231201172,22.17228889465332,NaN,21.673437118530273,20.993040084838867,22.154844284057617,22.313129425048828,22.22767448425293,22.20600128173828,21.795135498046875,22.526491165161133,22.43994140625,20.972848892211914,22.224578857421875,21.817256927490234,20.53705596923828,21.338483810424805,21.71542739868164,21.544448852539062,22.51994514465332,21.93917465209961,21.80811936514718,21.817256927490234,21.544448852539062,22.224578857421875,20.972848892211914,22.51994514465332
2010.0,21.460859298706055,22.07801055908203,22.757568359375,NaN,23.218353271484375,21.506183624267578,21.55665397644043,22.13762664794922,21.602561950683594,21.676658630371094,22.153282165527344,21.395980834960938,22.798892974853516,23.136940002441406,23.475425720214844,23.10325813293457,22.58002471923828,21.533048629760742,22.651803970336914,21.231138229370117,21.583086013793945,22.86954116821289,22.214614232381184,22.13762664794922,21.55665397644043,22.798892974853516,21.395980834960938,23.218353271484375
2011.0,21.163368225097656,22.33082389831543,20.839317321777344,NaN,21.364765167236328,21.2077693939209,22.828731536865234,22.569915771484375,21.448301315307617,22.56089973449707,21.269853591918945,20.880714416503906,22.003625869750977,22.517822265625,22.012487411499023,22.561981201171875,21.893890380859375,19.73196029663086,20.965442657470703,22.148456573486328,22.518951416015625,21.906883239746094,21.748855318341935,21.906883239746094,21.2077693939209,22.517822265625,20.839317321777344,22.569915771484375
2012.0,21.093841552734375,22.674856185913086,21.56437110900879,NaN,22.40998649597168,21.129499435424805,22.313251495361328,22.905439376831055,22.036331176757812,21.355928421020508,21.372522354125977,21.397300720214844,21.041488647460938,22.018314361572266,20.79895782470703,20.929224014282227,22.08745765686035,21.28568458557129,20.668760299682617,21.408111572265625,21.736787796020508,22.099714279174805,21.634658540998185,21.408111572265625,21.129499435424805,22.08745765686035,20.79895782470703,22.674856185913086
2013.0,22.059751510620117,21.303707122802734,21.24735450744629,NaN,20.70468521118164,21.577550888061523,21.992084503173828,22.66793441772461,21.73180389404297,22.144149780273438,22.761638641357422,21.84462547302246,21.304412841796875,21.68756103515625,21.335323333740234,21.222640991210938,20.493242263793945,21.245004653930664,21.901325225830078,22.853500366210938,21.13761329650879,22.02606773376465,21.678189413888113,21.68756103515625,21.24735450744629,22.02606773376465,20.70468521118164,22.761638641357422
2014.0,21.308910369873047,21.964202880859375,21.754884719848633,NaN,22.60418701171875,22.307981491088867,21.600332260131836,22.56684684753418,22.97353172302246,22.05973243713379,22.665874481201172,20.461313247680664,22.617334365844727,22.280410766601562,21.314971923828125,23.34662437438965,21.804058074951172,21.544172286987305,20.601308822631836,22.716983795166016,22.3840274810791,21.43468475341797,22.014874957856676,22.05973243713379,21.544172286987305,22.60418701171875,20.601308822631836,22.97353172302246
2015.0,21.94497299194336,21.94691276550293,22.21424674987793,NaN,21.626863479614258,22.075429916381836,23.32742691040039,22.216632843017578,21.933242797851562,21.883468627929688,21.42241096496582,20.979368209838867,23.113920211791992,23.78358268737793,21.197797775268555,22.340848922729492,22.948036193847656,21.600311279296875,20.755722045898438,22.31391716003418,22.14995574951172,21.135604858398438,22.043365387689498,21.94691276550293,21.600311279296875,22.31391716003418,20.979368209838867,23.32742691040039
2016.0,22.465654373168945,21.99891471862793,22.028730392456055,NaN,21.148948669433594,21.872928619384766,21.143402099609375,22.130285263061523,21.775455474853516,21.359453201293945,22.65971565246582,22.121910095214844,23.653743743896484,23.275432586669922,21.839876174926758,21.580520629882812,23.186803817749023,21.5430908203125,20.44281768798828,21.862529754638672,22.52214813232422,21.555347442626953,22.007986159551713,21.872928619384766,21.555347442626953,22.465654373168945,21.143402099609375,23.275432586669922
2017.0,21.66668128967285,21.8001651763916,22.869890213012695,NaN,20.613134384155273,20.397174835205078,22.951873779296875,23.455156326293945,21.687334060668945,22.48735809326172,21.58958625793457,20.36130142211914,21.995155334472656,23.15980339050293,22.444551467895508,21.166732788085938,22.28874969482422,21.279369354248047,21.68117904663086,22.546289443969727,21.81635856628418,21.707242965698242,21.903099423363095,21.8001651763916,21.58958625793457,22.48735809326172,20.397174835205078,23.15980339050293
2018.0,22.963193893432617,22.326213836669922,21.199857711791992,NaN,22.722576141357422,22.37198829650879,22.9742431640625,22.07192611694336,21.356678009033203,23.340394973754883,21.751737594604492,21.176025390625,22.651765823364258,23.26752281188965,22.049848556518555,21.59067153930664,23.025131225585938,21.183366775512695,20.59002113342285,22.96544075012207,21.670209884643555,22.16069221496582,22.162357421148393,22.16069221496582,21.59067153930664,22.963193893432617,21.176025390625,23.26752281188965
2019.0,21.940702438354492,22.678285598754883,22.473003387451172,NaN,22.04096794128418,21.686660766601562,20.754566192626953,21.47600555419922,22.50550079345703,21.418296813964844,21.384042739868164,20.930675506591797,22.056467056274414,21.81873321533203,22.318586349487305,22.000343322753906,21.883750915527344,21.575603485107422,22.186269760131836,22.193328857421875,21.453140258789062,22.44985008239746,21.86784671601795,21.940702438354492,21.47600555419922,22.193328857421875,20.930675506591797,22.50550079345703
2020.0,21.788421630859375,23.17029571533203,21.817840576171875,NaN,22.218791961669922,22.817886352539062,22.22306251525879,22.564533233642578,21.4350528717041,20.73477554321289,22.837928771972656,21.822017669677734,21.406238555908203,22.355527877807617,22.176721572875977,22.176315307617188,22.010366439819336,23.513137817382812,21.842004776000977,22.435354232788086,23.146347045898438,22.751937866210938,22.249740873064315,22.218791961669922,21.822017669677734,22.751937866210938,21.406238555908203,23.17029571533203
2021.0,21.21820068359375,21.64375877380371,22.190122604370117,NaN,19.891321182250977,22.55223846435547,21.75733757019043,22.65694808959961,22.92081642150879,21.746706008911133,22.46318817138672,21.626951217651367,21.6357421875,21.856645584106445,23.443376541137695,23.518762588500977,21.75628662109375,23.242700576782227,21.948827743530273,21.68209457397461,22.44202423095703,22.521818161010742,22.12932704743885,21.948827743530273,21.68209457397461,22.55223846435547,21.21820068359375,23.443376541137695
2022.0,22.746959686279297,23.012245178222656,22.28144645690918,NaN,21.961265563964844,22.555326461791992,21.63202667236328,22.10357666015625,21.838420867919922,21.04291534423828,21.87102699279785,21.25933265686035,22.472518920898438,22.69039535522461,23.049074172973633,22.24364471435547,22.089630126953125,21.850624084472656,21.78288459777832,21.816307067871094,22.61128044128418,22.91506576538086,22.18218894231887,22.10357666015625,21.838420867919922,22.61128044128418,21.25933265686035,23.012245178222656
2023.0,23.080617904663086,22.232419967651367,22.577089309692383,NaN,20.720027923583984,22.81876564025879,23.090415954589844,23.007152557373047,21.05191993713379,22.393230438232422,22.193626403808594,20.884061813354492,21.695676803588867,22.345905303955078,21.222448348999023,23.58407211303711,22.29629135131836,21.085155487060547,21.76319694519043,23.433420181274414,22.357257843017578,21.785877227783203,22.172315688360307,22.29629135131836,21.695676803588867,22.81876564025879,20.884061813354492,23.433420181274414
2024.0,22.428890228271484,22.704835891723633,21.730972290039062,NaN,21.554040908813477,22.804391860961914,22.602792739868164,21.59725570678711,22.598899841308594,22.13578987121582,22.688806533813477,21.26095962524414,21.261550903320312,21.99726104736328,22.96257781982422,22.310056686401367,22.416271209716797,22.405855178833008,21.780271530151367,22.757144927978516,23.412826538085938,22.597923278808594,22.28616069612049,22.416271209716797,21.780271530151367,22.688806533813477,21.261550903320312,22.96257781982422
2025.0,23.415611267089844,22.18251609802246,21.483509063720703,NaN,23.05439567565918,22.973146438598633,22.66512680053711,22.010459899902344,21.945175170898438,21.729530334472656,21.91951560974121,21.209827423095703,19.941333770751953,22.619121551513672,24.156944274902344,21.683618545532227,22.671476364135742,21.363489151000977,22.0872802734375,22.80851936340332,23.29425048828125,23.875425338745117,22.337632043021067,22.18251609802246,21.729530334472656,22.973146438598633,21.209827423095703,23.875425338745117
2026.0,22.07549285888672,23.212026596069336,22.250234603881836,NaN,22.333166122436523,22.837871551513672,22.647422790527344,23.124267578125,21.02666664123535,22.403919219970703,21.08715057373047,21.97804832458496,22.696882247924805,23.60424041748047,23.33004379272461,22.26076316833496,22.350528717041016,22.64226722717285,22.392072677612305,22.423954010009766,22.166425704956055,22.01291847229004,22.421731585548038,22.392072677612305,22.166425704956055,22.696882247924805,21.08715057373047,23.33004379272461
2027.0,22.597442626953125,21.96079444885254,22.88450050354004,NaN,21.23013687133789,22.23755645751953,21.836755752563477,22.868162155151367,24.074119567871094,21.916854858398438,20.67465591430664,20.886972427368164,22.481891632080078,22.17519187927246,23.317441940307617,23.074298858642578,22.626911163330078,22.73759651184082,22.317651748657227,22.79743194580078,22.181373596191406,21.72011947631836,22.314183825538272,22.317651748657227,21.916854858398438,22.79743194580078,20.886972427368164,23.317441940307617
2028.0,22.42961883544922,22.331125259399414,22.20833396911621,NaN,22.200233459472656,22.687767028808594,21.835405349731445,24.098846435546875,21.32608985900879,22.57170295715332,21.99958610534668,20.94931983947754,21.545454025268555,23.036706924438477,23.74971580505371,23.13117218017578,23.287582397460938,20.803232192993164,21.6479434967041,22.850818634033203,22.547962188720703,21.61142921447754,22.32619267418271,22.331125259399414,21.6479434967041,22.850818634033203,20.94931983947754,23.74971580505371
2029.0,24.30908966064453,23.118356704711914,22.22245979309082,NaN,23.34541893005371,22.14413070678711,23.42331886291504,25.043106079101562,22.169614791870117,22.746946334838867,22.65530014038086,21.8931884765625,23.173336029052734,23.260700225830078,23.14613914489746,21.340312957763672,22.30999755859375,21.80038070678711,22.29987144470215,22.507858276367188,21.84127426147461,22.604297637939453,22.731195177350724,22.604297637939453,22.169614791870117,23.173336029052734,21.80038070678711,24.30908966064453
2030.0,24.195459365844727,23.234556198120117,23.058717727661133,NaN,21.672752380371094,23.17778968811035,21.426191329956055,22.16144371032715,22.163673400878906,22.136083602905273,22.23412322998047,22.201459884643555,23.437089920043945,22.813323974609375,23.037128448486328,21.627286911010742,21.26250457763672,22.507123947143555,22.515357971191406,23.167585372924805,22.941909790039062,23.359113693237305,22.587175005958194,22.515357971191406,22.16144371032715,23.167585372924805,21.426191329956055,23.437089920043945
2031.0,23.18983268737793,21.710668563842773,23.40397834777832,NaN,21.921485900878906,21.99698257446289,23.253925323486328,22.42845344543457,22.215072631835938,22.416088104248047,22.796810150146484,20.835857391357422,23.506622314453125,23.03520965576172,24.245729446411133,22.104982376098633,21.871551513671875,23.499719619750977,22.5974178314209,23.378093719482422,22.14249610900879,22.325206756591797,22.613151641119096,22.42845344543457,22.104982376098633,23.253925323486328,21.710668563842773,23.506622314453125
2032.0,23.096986770629883,22.829811096191406,22.24382972717285,NaN,22.19692039489746,22.908029556274414,21.518756866455078,23.687515258789062,22.9208984375,22.200376510620117,22.642824172973633,22.550989151000977,23.165130615234375,23.36329460144043,23.867176055908203,22.820993423461914,22.747295379638672,21.73334312438965,22.925853729248047,22.440338134765625,22.247404098510742,23.02216911315918,22.72047315325056,22.820993423461914,22.247404098510742,23.02216911315918,21.73334312438965,23.687515258789062
2033.0,23.285934448242188,22.448030471801758,22.294357299804688,NaN,21.97734832763672,22.454193115234375,23.47171974182129,21.886924743652344,21.714658737182617,22.42500877380371,22.108272552490234,21.42589569091797,23.726835250854492,22.75975799560547,24.81935691833496,22.67473602294922,23.40069580078125,20.990455627441406,22.402740478515625,23.069772720336914,23.309804916381836,22.53647232055664,22.62776056925456,22.454193115234375,22.108272552490234,23.285934448242188,21.42589569091797,23.726835250854492
2034.0,23.62700653076172,23.431785583496094,22.20091438293457,NaN,21.645841598510742,21.84145736694336,21.68533706665039,23.461589813232422,21.797630310058594,22.05374526977539,22.12115478515625,22.5312557220459,22.04530143737793,22.623241424560547,24.22008514404297,22.41590690612793,23.0449275970459,23.004638671875,22.295574188232422,22.505239486694336,23.59758949279785,22.547008514404297,22.604630061558314,22.505239486694336,22.05374526977539,23.0449275970459,21.68533706665039,23.62700653076172
2035.0,22.753952026367188,23.494644165039062,22.546667098999023,NaN,22.38675308227539,22.81635284423828,22.138153076171875,25.106645584106445,22.004638671875,22.933645248413086,21.76101303100586,22.468482971191406,21.19853973388672,23.253379821777344,23.008705139160156,21.05235481262207,22.639057159423828,22.363073348999023,21.039878845214844,21.400074005126953,22.697330474853516,22.696733474731445,22.464765457879928,22.546667098999023,22.004638671875,22.81635284423828,21.05235481262207,23.494644165039062
2036.0,23.694602966308594,22.40325164794922,22.354509353637695,NaN,22.024734497070312,21.673004150390625,21.130535125732422,23.85650062561035,23.13860511779785,20.676616668701172,23.64099884033203,23.0126895904541,23.80182456970215,21.186845779418945,24.874494552612305,21.368623733520508,23.250490188598633,22.785951614379883,22.151731491088867,23.968420028686523,23.354766845703125,22.563491821289062,22.710128057570685,22.785951614379883,22.024734497070312,23.64099884033203,21.130535125732422,23.968420028686523
2037.0,23.397172927856445,22.894546508789062,22.964487075805664,NaN,21.79952049255371,23.1295166015625,23.30228042602539,23.805522918701172,21.99958610534668,23.353960037231445,23.80728530883789,21.141143798828125,23.01819610595703,23.44072723388672,24.024799346923828,22.558040618896484,23.274194717407227,22.025102615356445,22.867158889770508,23.6031494140625,23.58026885986328,23.30949592590332,23.014102663312638,23.274194717407227,22.867158889770508,23.44072723388672,21.79952049255371,23.80728530883789
2038.0,23.371414184570312,22.644550323486328,23.479167938232422,NaN,23.63418960571289,22.53376007080078,21.55133819580078,23.969751358032227,22.329763412475586,21.825448989868164,22.694381713867188,21.37537384033203,23.29131317138672,23.365446090698242,23.061368942260742,23.586395263671875,23.173004150390625,22.718515396118164,23.78347396850586,22.981876373291016,23.198410034179688,22.74259376525879,22.919596989949543,23.061368942260742,22.644550323486328,23.371414184570312,21.55133819580078,23.78347396850586
2039.0,23.6966609954834,23.030338287353516,23.265304565429688,NaN,23.242340087890625,23.064929962158203,22.341882705688477,22.685379028320312,22.418960571289062,22.340208053588867,23.315654754638672,22.08108901977539,22.767181396484375,23.09910011291504,23.014930725097656,22.039512634277344,21.71424674987793,21.22214126586914,22.264413833618164,22.549917221069336,22.66697883605957,23.268857955932617,22.67095375061035,22.685379028320312,22.340208053588867,23.09910011291504,21.71424674987793,23.315654754638672
2040.0,24.458677291870117,23.732715606689453,23.416513442993164,NaN,22.513334274291992,22.760801315307617,22.378517150878906,23.52301597595215,22.89655113220215,22.273408889770508,23.059432983398438,20.998010635375977,22.97298240661621,22.575170516967773,23.58115005493164,23.334304809570312,22.733638763427734,23.198822021484375,22.69155502319336,22.867530822753906,22.984752655029297,22.77042579650879,22.93911007472447,22.89655113220215,22.69155502319336,23.334304809570312,22.273408889770508,23.732715606689453
2041.0,22.86249542236328,22.69660186767578,22.26059913635254,NaN,22.244272232055664,23.660480499267578,22.859333038330078,22.93328094482422,21.643817901611328,21.162973403930664,22.80534553527832,23.512409210205078,22.620635986328125,23.605642318725586,23.57168960571289,22.78839111328125,22.853567123413086,23.65557289123535,21.401527404785156,22.757949829101562,23.5118465423584,23.390525817871094,22.799950372605096,22.853567123413086,22.620635986328125,23.5118465423584,21.401527404785156,23.65557289123535
2042.0,23.518095016479492,21.42486000061035,22.081058502197266,NaN,23.50626564025879,22.289247512817383,22.249860763549805,22.836341857910156,23.304058074951172,23.017578125,21.487056732177734,23.263168334960938,22.43439483642578,23.24748420715332,24.550580978393555,23.56515884399414,23.052892684936523,23.442289352416992,21.36886978149414,23.644954681396484,23.08245849609375,23.410274505615234,22.894140425182524,23.08245849609375,22.289247512817383,23.442289352416992,21.42486000061035,23.644954681396484
2043.0,23.35942840576172,23.65667724609375,23.337984085083008,NaN,22.238271713256836,21.675609588623047,22.92123031616211,23.277551651000977,22.346651077270508,23.247251510620117,22.835180282592773,21.985715866088867,23.663984298706055,23.44819450378418,24.32216453552246,23.008716583251953,24.625267028808594,23.15974998474121,22.276897430419922,23.63412094116211,23.511859893798828,23.570526123046875,23.147763479323615,23.277551651000977,22.835180282592773,23.570526123046875,21.985715866088867,24.32216453552246
2044.0,23.661487579345703,23.622623443603516,22.646120071411133,NaN,22.890134811401367,23.292194366455078,23.465702056884766,24.693172454833984,23.628734588623047,23.700773239135742,22.23981475830078,21.36915397644043,24.359493255615234,23.893583297729492,24.81942367553711,23.14009666442871,23.24331283569336,21.397741317749023,22.305927276611328,23.445037841796875,23.174882888793945,24.007427215576172,23.28556369599842,23.445037841796875,22.890134811401367,23.700773239135742,21.397741317749023,24.693172454833984
2045.0,23.5926456451416,22.212980270385742,24.46873664855957,NaN,23.28812026977539,22.950746536254883,22.3941707611084,23.888038635253906,22.476762771606445,22.766508102416992,22.65105438232422,21.159317016601562,23.515304565429688,23.315521240234375,25.42981719970703,23.134092330932617,22.864641189575195,23.243833541870117,22.012237548828125,23.25462532043457,23.52896499633789,23.283761978149414,23.11580385480608,23.243833541870117,22.65105438232422,23.515304565429688,22.012237548828125,24.46873664855957
2046.0,23.489763259887695,23.380102157592773,22.41761016845703,NaN,24.522199630737305,22.60283088684082,22.910659790039062,23.938344955444336,22.022157669067383,21.98914909362793,23.179834365844727,22.601343154907227,23.086462020874023,23.41973114013672,25.0062255859375,24.220977783203125,22.641077041625977,23.30589485168457,22.224111557006836,23.046720504760742,22.808761596679688,22.908823013305664,23.129656201317196,23.046720504760742,22.60283088684082,23.41973114013672,22.022157669067383,24.522199630737305
2047.0,24.119325637817383,23.25365447998047,23.249496459960938,NaN,22.917232513427734,22.456180572509766,22.92107582092285,23.289548873901367,24.032007217407227,23.139278411865234,23.138839721679688,21.774322509765625,23.23169708251953,23.978052139282227,24.788406372070312,23.4894962310791,23.69993019104004,22.7501277923584,22.22874641418457,23.582809448242188,22.384502410888672,22.81992530822754,23.20212645757766,23.23169708251953,22.81992530822754,23.582809448242188,22.22874641418457,24.119325637817383
2048.0,24.42142105102539,23.83049774169922,23.50527000427246,NaN,21.170825958251953,22.782535552978516,22.63275146484375,23.604705810546875,23.000835418701172,23.66215705871582,22.189786911010742,22.623764038085938,23.735671997070312,24.70793914794922,25.349897384643555,23.96396827697754,22.640697479248047,22.741544723510742,23.249128341674805,23.973920822143555,23.206192016601562,23.424531936645508,23.353240149361746,23.424531936645508,22.741544723510742,23.83049774169922,22.189786911010742,24.70793914794922
2049.0,22.622161865234375,23.080352783203125,24.181154251098633,NaN,23.516849517822266,24.56182289123535,22.445051193237305,22.75552749633789,24.11846160888672,22.130857467651367,23.41135025024414,23.114707946777344,22.86979103088379,24.5846004486084,24.925350189208984,23.242319107055664,23.357379913330078,25.59274673461914,22.692434310913086,23.07587432861328,23.32426643371582,23.775243759155273,23.494204929896764,23.32426643371582,22.86979103088379,24.11846160888672,22.445051193237305,24.925350189208984
2050.0,24.14714241027832,23.24580192565918,23.835771560668945,NaN,23.25626564025879,24.37858772277832,22.918804168701172,23.148218154907227,23.238435745239258,23.52213478088379,23.349395751953125,22.137836456298828,23.153976440429688,23.42324447631836,25.801252365112305,23.345884323120117,23.393360137939453,22.547178268432617,22.6668643951416,23.547945022583008,22.274641036987305,22.756668090820312,23.33759089878627,23.25626564025879,22.918804168701172,23.52213478088379,22.274641036987305,24.37858772277832
2051.0,23.725996017456055,23.47357177734375,23.703571319580078,NaN,23.169113159179688,22.419214248657227,22.82093048095703,24.347959518432617,23.54083824157715,23.209590911865234,23.654088973999023,21.744211196899414,23.189905166625977,23.93487548828125,23.33164405822754,23.011322021484375,24.014076232910156,23.950580596923828,23.29900550842285,23.22159194946289,23.831567764282227,23.859966278076172,23.40255337669736,23.47357177734375,23.189905166625977,23.831567764282227,22.419214248657227,24.014076232910156
2052.0,24.129728317260742,21.597156524658203,23.076257705688477,NaN,23.734508514404297,22.287324905395508,23.30317497253418,22.48874855041504,23.645336151123047,23.903457641601562,22.562265396118164,22.450475692749023,23.458036422729492,23.579294204711914,25.459781646728516,23.810800552368164,22.47606086730957,23.704116821289062,23.463420867919922,23.87841796875,23.353979110717773,23.320283889770508,23.318220320202055,23.458036422729492,22.562265396118164,23.734508514404297,22.287324905395508,24.129728317260742
2053.0,23.765565872192383,23.753034591674805,24.452972412109375,NaN,23.396459579467773,23.632844924926758,22.481510162353516,23.800321578979492,23.266277313232422,22.64696502685547,23.630332946777344,21.3742618560791,23.390949249267578,23.486595153808594,26.3615665435791,23.82952117919922,23.20448112487793,23.102771759033203,23.07847023010254,22.64915657043457,22.30491828918457,23.92259407043457,23.406265258789062,23.396459579467773,23.07847023010254,23.765565872192383,22.30491828918457,24.452972412109375
2054.0,25.00996971130371,24.105649948120117,23.806400299072266,NaN,23.390430450439453,23.943702697753906,21.967538833618164,24.472524642944336,22.18117332458496,23.293521881103516,23.245513916015625,23.266475677490234,23.098468780517578,24.08698272705078,25.580047607421875,22.933425903320312,22.38027572631836,22.644285202026367,22.224002838134766,23.25090217590332,22.717893600463867,23.734867095947266,23.396859668550036,23.266475677490234,22.717893600463867,23.943702697753906,22.18117332458496,25.00996971130371
2055.0,24.29981803894043,23.402515411376953,24.126502990722656,NaN,22.370365142822266,24.405643463134766,22.752166748046875,24.24646759033203,22.589994430541992,24.50139045715332,23.956249237060547,22.19791603088379,24.344547271728516,23.357276916503906,25.114810943603516,23.6845645904541,24.36963653564453,22.02627182006836,22.28203010559082,23.9185848236084,23.470523834228516,22.953798294067383,23.541479746500652,23.6845645904541,22.752166748046875,24.29981803894043,22.19791603088379,24.50139045715332
2056.0,23.258682250976562,23.631349563598633,24.101152420043945,NaN,23.95284652709961,24.34236717224121,23.110210418701172,23.705049514770508,22.47456169128418,23.232011795043945,23.84921646118164,22.437213897705078,23.107376098632812,23.934062957763672,24.987621307373047,24.182504653930664,24.4079647064209,22.605823516845703,22.14983367919922,24.0888671875,23.7105770111084,23.709348678588867,23.570411500476656,23.709348678588867,23.110210418701172,24.0888671875,22.437213897705078,24.4079647064209
2057.0,24.342058181762695,22.44761848449707,23.881296157836914,NaN,23.5152530670166,23.213069915771484,23.569507598876953,23.262657165527344,22.746597290039062,24.19001007080078,21.850210189819336,22.435945510864258,23.047319412231445,24.708480834960938,24.95528793334961,23.78718376159668,22.995656967163086,23.2635440826416,23.454187393188477,23.4007625579834,23.01689338684082,23.209348678588867,23.39489945911226,23.2635440826416,23.01689338684082,23.78718376159668,22.435945510864258,24.708480834960938
2058.0,24.90945816040039,24.355865478515625,23.907825469970703,NaN,23.569900512695312,22.41629981994629,22.22020149230957,23.65227699279785,23.821094512939453,23.698503494262695,23.66924476623535,22.337980270385742,24.138656616210938,23.5572452545166,26.293014526367188,23.814308166503906,24.211889266967773,21.876680374145508,23.701107025146484,23.788822174072266,22.652835845947266,25.39327049255371,23.713641938709078,23.701107025146484,23.5572452545166,24.138656616210938,22.22020149230957,25.39327049255371
2059.0,24.647951126098633,24.319042205810547,24.097530364990234,NaN,23.177932739257812,23.611858367919922,23.64582633972168,24.313451766967773,23.12175941467285,22.929561614990234,23.431257247924805,21.994384765625,23.583206176757812,24.116243362426758,25.7314453125,23.31125259399414,23.940122604370117,22.627948760986328,23.313966751098633,25.00065040588379,23.529136657714844,25.035356521606445,23.78475643339611,23.611858367919922,23.31125259399414,24.313451766967773,22.627948760986328,25.035356521606445
2060.0,23.82794952392578,23.73796844482422,25.147539138793945,NaN,22.903221130371094,23.753185272216797,23.403358459472656,23.46677017211914,23.41265296936035,23.91802406311035,23.735761642456055,22.39920997619629,23.05617332458496,24.086204528808594,25.008054733276367,23.097280502319336,23.201860427856445,21.709508895874023,23.97842788696289,23.538654327392578,23.659616470336914,24.417863845825195,23.593299320765905,23.659616470336914,23.201860427856445,23.91802406311035,22.39920997619629,25.008054733276367
2061.0,24.051589965820312,24.2386474609375,24.747987747192383,NaN,24.444473266601562,22.780298233032227,23.956544876098633,23.162799835205078,22.864822387695312,22.838972091674805,22.39386558532715,22.19329833984375,21.568954467773438,23.584138870239258,24.77829360961914,24.770042419433594,24.218151092529297,23.425939559936523,22.1019287109375,23.76004409790039,23.85796546936035,23.577001571655273,23.49122665041969,23.584138870239258,22.838972091674805,24.218151092529297,22.1019287109375,24.770042419433594
2062.0,23.852962493896484,24.398033142089844,24.661184310913086,NaN,24.348234176635742,24.52564811706543,22.600393295288086,24.781322479248047,23.10944366455078,23.73740577697754,22.57919692993164,22.284481048583984,22.16844940185547,24.195159912109375,24.766639709472656,24.37798500061035,23.52899169921875,23.35582733154297,22.401243209838867,24.607494354248047,23.543750762939453,24.074445724487305,23.709442501976376,23.852962493896484,23.10944366455078,24.398033142089844,22.284481048583984,24.766639709472656
2063.0,24.581998825073242,23.413318634033203,24.8726806640625,NaN,23.567155838012695,23.475772857666016,24.18859100341797,24.46651268005371,23.317476272583008,22.88353157043457,23.9869384765625,23.24462127685547,23.12830352783203,23.881656646728516,24.818204879760742,24.36529541015625,24.279277801513672,22.685827255249023,22.94240951538086,23.571901321411133,24.023761749267578,24.45451545715332,23.816654841105144,23.881656646728516,23.317476272583008,24.36529541015625,22.88353157043457,24.818204879760742
2064.0,24.32706069946289,24.224977493286133,24.169450759887695,NaN,23.48477554321289,22.123607635498047,22.94966697692871,25.08204460144043,23.83268928527832,22.539833068847656,23.062950134277344,23.16796112060547,23.680709838867188,24.714590072631836,26.06665802001953,23.03382682800293,24.554492950439453,23.779457092285156,23.213258743286133,22.279232025146484,23.755355834960938,23.856544494628906,23.709483010428293,23.755355834960938,23.062950134277344,24.224977493286133,22.279232025146484,25.08204460144043
2065.0,24.38372039794922,23.905332565307617,24.48826789855957,NaN,23.82130241394043,24.395967483520508,23.44329071044922,23.507226943969727,23.99679946899414,23.637407302856445,23.520553588867188,22.246212005615234,22.95927619934082,24.850404739379883,25.25071907043457,24.53343391418457,24.07022476196289,23.003053665161133,23.652935028076172,23.84442710876465,24.375810623168945,22.873632431030273,23.845714205787296,23.84442710876465,23.507226943969727,24.38372039794922,22.873632431030273,24.850404739379883
2066.0,26.42920684814453,22.9905948638916,23.810136795043945,NaN,24.43136978149414,24.406116485595703,24.630189895629883,23.916439056396484,23.48435401916504,24.11319351196289,23.775102615356445,22.210481643676758,23.35753631591797,25.075288772583008,24.67972183227539,24.09729766845703,24.50489616394043,23.739803314208984,23.23456573486328,23.283958435058594,23.769224166870117,24.293718338012695,24.011104583740234,23.916439056396484,23.48435401916504,24.43136978149414,22.9905948638916,25.075288772583008
2067.0,24.582149505615234,24.709348678588867,24.240009307861328,NaN,23.526351928710938,23.71916389465332,22.94855308532715,23.860458374023438,23.963130950927734,23.514633178710938,22.788888931274414,22.343528747558594,23.130521774291992,24.871013641357422,25.629234313964844,24.28120994567871,23.307897567749023,23.67322540283203,22.46828269958496,23.41736602783203,24.478710174560547,23.51887321472168,23.760597683134534,23.67322540283203,23.307897567749023,24.28120994567871,22.46828269958496,24.871013641357422
2068.0,24.145723342895508,24.34092140197754,23.367931365966797,NaN,24.97001838684082,23.650836944580078,25.105915069580078,24.324430465698242,23.178550720214844,23.51981544494629,23.187700271606445,23.184505462646484,23.59769630432129,25.01066780090332,24.542827606201172,24.810325622558594,24.779027938842773,23.52684211730957,23.069028854370117,24.003131866455078,23.747148513793945,23.888822555541992,23.997708002726238,23.888822555541992,23.51981544494629,24.542827606201172,23.178550720214844,25.01066780090332
2069.0,25.287944793701172,24.754444122314453,25.008277893066406,NaN,24.292198181152344,22.794437408447266,23.519805908203125,24.12209701538086,22.7783145904541,24.20016860961914,23.213176727294922,22.35110855102539,23.680356979370117,24.918180465698242,25.111230850219727,23.260589599609375,24.249065399169922,23.669870376586914,23.91417694091797,24.31220245361328,23.509998321533203,23.986082077026367,23.949225107828777,23.986082077026367,23.509998321533203,24.31220245361328,22.7783145904541,25.111230850219727
2070.0,24.444368362426758,24.303119659423828,23.897720336914062,NaN,23.785022735595703,24.41281509399414,25.213998794555664,24.811220169067383,23.31155014038086,24.18918800354004,24.441444396972656,23.392105102539062,24.095338821411133,26.222339630126953,25.8211612701416,24.176305770874023,24.407194137573242,24.691753387451172,22.880319595336914,23.809450149536133,23.571401596069336,25.679304122924805,24.3598629179455,24.303119659423828,23.809450149536133,24.691753387451172,23.31155014038086,25.8211612701416
2071.0,24.874189376831055,24.165708541870117,25.225706100463867,NaN,23.836151123046875,24.58327865600586,22.478124618530273,24.891490936279297,23.275976181030273,25.1667537689209,24.11777114868164,22.768678665161133,23.67156410217285,25.737525939941406,25.729305267333984,24.387653350830078,25.37360382080078,23.640300750732422,23.128807067871094,24.06670570373535,23.254140853881836,24.41205596923828,24.2278805687314,24.165708541870117,23.640300750732422,24.891490936279297,22.768678665161133,25.729305267333984
2072.0,24.904054641723633,24.28773307800293,24.354244232177734,NaN,23.92630386352539,24.0139217376709,23.869495391845703,25.506519317626953,23.58138084411621,24.692604064941406,24.003089904785156,23.5006046295166,24.275636672973633,24.401941299438477,26.401121139526367,24.15903091430664,24.866994857788086,24.027990341186523,24.21288299560547,24.37453842163086,24.33880615234375,24.023754119873047,24.367745172409784,24.275636672973633,24.0139217376709,24.401941299438477,23.58138084411621,25.506519317626953
2073.0,25.70073127746582,24.33621597290039,24.946483612060547,NaN,24.337949752807617,24.821035385131836,24.166717529296875,25.212217330932617,23.790849685668945,24.697172164916992,24.91307258605957,23.380495071411133,24.540239334106445,24.30367088317871,25.60416603088379,23.634096145629883,24.431970596313477,23.935020446777344,23.790010452270508,23.64522933959961,24.70917510986328,24.864864349365234,24.464827764601935,24.431970596313477,23.935020446777344,24.864864349365234,23.634096145629883,25.60416603088379
2074.0,25.262537002563477,24.345430374145508,25.53015899658203,NaN,24.399906158447266,24.657304763793945,24.462732315063477,25.240142822265625,22.888858795166016,24.743520736694336,23.64777374267578,23.72780990600586,24.264923095703125,24.686565399169922,25.658273696899414,25.07138442993164,24.092466354370117,23.43466567993164,24.029085159301758,23.757333755493164,24.217439651489258,25.040266036987305,24.436122803460982,24.399906158447266,24.029085159301758,25.040266036987305,23.43466567993164,25.53015899658203
2075.0,25.480234146118164,25.80087661743164,24.836090087890625,NaN,24.474515914916992,24.373783111572266,24.249393463134766,24.931459426879883,22.78767967224121,25.52740478515625,24.147960662841797,22.526037216186523,23.674694061279297,24.768606185913086,26.140735626220703,23.743011474609375,25.20905303955078,24.90105628967285,23.640899658203125,24.772306442260742,24.00133514404297,24.68241310119629,24.508073625110445,24.68241310119629,24.00133514404297,24.931459426879883,22.78767967224121,25.80087661743164
2076.0,24.2067813873291,25.414274215698242,23.91077423095703,NaN,24.783384323120117,24.832704544067383,23.477827072143555,25.02605438232422,23.04664421081543,24.17808723449707,24.356239318847656,23.55344009399414,23.38806915283203,25.666242599487305,25.53499984741211,24.32756805419922,24.351877212524414,23.56348991394043,24.924428939819336,24.350282669067383,24.048542022705078,24.307138442993164,24.345183327084495,24.32756805419922,23.91077423095703,24.832704544067383,23.38806915283203,25.53499984741211
2077.0,25.657085418701172,24.600141525268555,24.65098762512207,NaN,24.095264434814453,23.268991470336914,23.587623596191406,22.789535522460938,23.881582260131836,24.28522300720215,24.42045783996582,22.543737411499023,23.874326705932617,25.696142196655273,24.0124568939209,24.9296817779541,25.617061614990234,22.769479751586914,24.313610076904297,24.842952728271484,24.080188751220703,25.780019760131836,24.271264303298224,24.28522300720215,23.874326705932617,24.842952728271484,22.769479751586914,25.696142196655273
2078.0,24.259132385253906,25.568086624145508,25.26819610595703,NaN,24.271881103515625,26.30519676208496,22.867753982543945,24.01339340209961,24.480051040649414,23.417125701904297,24.536989212036133,22.455821990966797,24.36090850830078,25.18330192565918,26.580116271972656,24.312313079833984,24.596487045288086,23.740970611572266,23.825546264648438,23.76457405090332,24.11432456970215,25.488487243652344,24.4481265658424,24.312313079833984,23.825546264648438,25.18330192565918,22.867753982543945,26.30519676208496
2079.0,24.219432830810547,24.91543197631836,24.982547760009766,NaN,24.110694885253906,24.829748153686523,23.741243362426758,24.51361846923828,22.457902908325195,26.006498336791992,23.84479522705078,22.691076278686523,24.129356384277344,24.979970932006836,25.85712432861328,24.26539421081543,25.20479965209961,22.324113845825195,24.855661392211914,24.967069625854492,24.20873260498047,24.065649032592773,24.341469628470286,24.26539421081543,24.065649032592773,24.967069625854492,22.457902908325195,25.85712432861328
2080.0,24.76601219177246,24.929975509643555,24.989849090576172,NaN,24.755714416503906,23.623422622680664,23.859493255615234,25.50002098083496,24.920188903808594,24.65665626525879,23.255535125732422,23.598209381103516,24.008119583129883,25.721282958984375,26.133621215820312,24.806167602539062,25.955493927001953,22.409656524658203,23.809749603271484,23.911020278930664,24.248659133911133,24.242319107055664,24.481007984706334,24.65665626525879,23.859493255615234,24.929975509643555,23.255535125732422,25.955493927001953
2081.0,24.82128143310547,24.36684226989746,24.862688064575195,NaN,26.1071834564209,24.581035614013672,25.169382095336914,23.879901885986328,23.51822280883789,24.57134246826172,23.914382934570312,23.440881729125977,24.091337203979492,26.062021255493164,25.892528533935547,25.15332794189453,25.284473419189453,24.07628631591797,24.012218475341797,24.307153701782227,24.76552963256836,25.027894973754883,24.662186486380442,24.581035614013672,24.07628631591797,25.15332794189453,23.51822280883789,26.062021255493164
2082.0,25.34210777282715,24.974258422851562,26.103801727294922,NaN,24.929027557373047,25.42987823486328,24.677921295166016,25.00313377380371,23.254127502441406,24.126140594482422,24.083251953125,23.787553787231445,25.081907272338867,24.038890838623047,26.116737365722656,25.268600463867188,25.435073852539062,23.688615798950195,23.86429214477539,25.061328887939453,25.451709747314453,23.81315040588379,24.739595685686385,24.974258422851562,24.038890838623047,25.34210777282715,23.688615798950195,26.103801727294922
2083.0,25.633302688598633,23.98785400390625,25.1947078704834,NaN,25.26327896118164,24.74991226196289,22.88239860534668,25.287654876708984,24.008472442626953,24.242870330810547,24.227142333984375,22.484209060668945,25.36977195739746,26.059152603149414,26.539079666137695,24.40754508972168,24.99482536315918,23.060401916503906,25.100006103515625,25.169158935546875,25.0162410736084,24.515689849853516,24.67588933308919,24.99482536315918,24.227142333984375,25.26327896118164,22.88239860534668,26.059152603149414
2084.0,25.113222122192383,25.045873641967773,25.584457397460938,NaN,24.606689453125,25.439191818237305,24.677186965942383,26.02278709411621,24.11952018737793,24.60363006591797,24.00363540649414,23.05527687072754,25.16632843017578,25.54921531677246,25.557619094848633,24.405485153198242,23.735673904418945,23.394224166870117,24.542469024658203,24.246841430664062,24.606691360473633,24.995136260986328,24.68910262698219,24.606691360473633,24.246841430664062,25.16632843017578,23.394224166870117,25.584457397460938
2085.0,26.91694450378418,24.95964813232422,26.190582275390625,NaN,25.041648864746094,24.645048141479492,24.3869571685791,24.75,23.764928817749023,24.999908447265625,24.378631591796875,23.782398223876953,24.58639144897461,25.78584098815918,25.946218490600586,24.49950408935547,25.31374740600586,24.059711456298828,24.652793884277344,24.128528594970703,24.056825637817383,25.42159652709961,24.869897842407227,24.652793884277344,24.378631591796875,25.31374740600586,23.782398223876953,26.190582275390625
2086.0,25.314929962158203,24.54360008239746,26.567609786987305,NaN,25.601268768310547,23.793262481689453,24.49713134765625,25.313535690307617,24.679155349731445,24.038097381591797,23.469627380371094,23.30976104736328,24.195186614990234,25.1142578125,26.15685272216797,24.86524772644043,26.03294563293457,25.70294761657715,24.52400779724121,24.72069549560547,24.705156326293945,25.867027282714844,24.90534782409668,24.72069549560547,24.49713134765625,25.601268768310547,23.469627380371094,26.15685272216797
2087.0,25.272153854370117,25.32575225830078,25.582204818725586,NaN,24.44593620300293,25.05508804321289,24.222824096679688,24.068567276000977,24.2119197845459,24.93330192565918,24.312772750854492,22.565275192260742,25.581993103027344,26.606304168701172,25.081993103027344,25.45058822631836,25.322025299072266,25.07256507873535,23.775184631347656,24.90041160583496,23.783519744873047,25.749414443969727,24.82475217183431,25.05508804321289,24.222824096679688,25.32575225830078,23.775184631347656,25.749414443969727
2088.0,25.855911254882812,24.613094329833984,26.786218643188477,NaN,25.332242965698242,25.50298309326172,24.42926597595215,24.675994873046875,24.611160278320312,24.50527000427246,24.763511657714844,24.268959045410156,24.680065155029297,25.488161087036133,25.899612426757812,24.795047760009766,24.8222713470459,24.694440841674805,24.576467514038086,25.38819694519043,24.81652069091797,25.105867385864258,25.029107775006974,24.795047760009766,24.613094329833984,25.38819694519043,24.42926597595215,25.899612426757812
2089.0,26.64267921447754,24.677127838134766,26.83954429626465,NaN,24.77952766418457,25.450227737426758,25.27983283996582,23.71947479248047,24.999340057373047,24.725122451782227,23.385963439941406,23.753931045532227,24.847763061523438,26.66751480102539,25.78927993774414,25.342851638793945,24.92347526550293,23.99705696105957,24.632394790649414,25.316144943237305,25.168241500854492,24.58661651611328,25.02495765686035,24.92347526550293,24.632394790649414,25.342851638793945,23.71947479248047,26.66751480102539
2090.0,27.312395095825195,26.693492889404297,25.193586349487305,NaN,25.367712020874023,25.48541831970215,24.71368980407715,25.7386474609375,24.2542667388916,24.86128044128418,23.83916473388672,23.21844482421875,24.875457763671875,25.747882843017578,26.121660232543945,25.266403198242188,25.627626419067383,24.08525276184082,23.22730827331543,24.792774200439453,25.505189895629883,25.43497085571289,25.112505958193825,25.266403198242188,24.71368980407715,25.627626419067383,23.22730827331543,26.693492889404297
2091.0,26.113759994506836,25.899951934814453,25.506244659423828,NaN,25.482269287109375,24.175329208374023,26.785118103027344,27.325048446655273,24.048248291015625,24.68480110168457,23.92346954345703,23.310298919677734,25.228912353515625,26.663522720336914,26.405902862548828,25.36090850830078,26.14992332458496,25.033554077148438,25.66047477722168,25.437599182128906,25.582603454589844,25.74307632446289,25.453381765456427,25.506244659423828,25.033554077148438,26.113759994506836,23.92346954345703,26.785118103027344
2092.0,26.333515167236328,25.675506591796875,25.668712615966797,NaN,25.18099021911621,26.04793930053711,23.520715713500977,25.79822540283203,24.719924926757812,25.07642364501953,24.262876510620117,23.53754234313965,24.438642501831055,26.504831314086914,27.997772216796875,26.093427658081055,24.515830993652344,26.02304458618164,25.708480834960938,25.101356506347656,24.469791412353516,25.225738525390625,25.328632808866956,25.225738525390625,24.515830993652344,26.02304458618164,23.53754234313965,26.504831314086914
2093.0,25.584415435791016,25.574392318725586,26.912290573120117,NaN,24.331605911254883,26.09305763244629,25.851707458496094,25.018552780151367,23.747922897338867,24.86679458618164,24.07254409790039,24.144718170166016,25.16172981262207,25.988574981689453,26.082576751708984,25.859403610229492,25.093271255493164,24.5081844329834,25.236007690429688,24.679197311401367,24.816776275634766,25.534862518310547,25.198027928670246,25.16172981262207,24.679197311401367,25.851707458496094,24.07254409790039,26.09305763244629
2094.0,25.102510452270508,24.29937744140625,26.482084274291992,NaN,24.67800521850586,25.318500518798828,24.810726165771484,25.710128784179688,24.093902587890625,24.323768615722656,23.881763458251953,23.067407608032227,24.24141502380371,25.703964233398438,26.923809051513672,24.822399139404297,26.057170867919922,25.101369857788086,25.02692413330078,24.80575180053711,25.093568801879883,24.790809631347656,24.968350365048362,24.822399139404297,24.323768615722656,25.318500518798828,23.881763458251953,26.482084274291992
2095.0,26.147584915161133,25.093891143798828,26.13282012939453,NaN,25.573488235473633,27.777250289916992,24.654767990112305,26.502437591552734,24.558879852294922,24.630718231201172,25.112937927246094,23.916288375854492,23.831811904907227,26.817649841308594,26.785173416137695,24.864887237548828,26.052223205566406,24.479373931884766,24.89081573486328,25.449071884155273,25.544496536254883,26.7933406829834,25.505233764648438,25.449071884155273,24.654767990112305,26.147584915161133,23.916288375854492,26.817649841308594
2096.0,26.008085250854492,25.583765029907227,27.229473114013672,NaN,26.427289962768555,25.365869522094727,24.227909088134766,25.846521377563477,24.158248901367188,24.255369186401367,24.508543014526367,23.474775314331055,24.91164207458496,25.75290870666504,26.410888671875,25.530803680419922,24.791492462158203,24.56440544128418,24.975130081176758,24.07954978942871,25.34514045715332,27.040830612182617,25.26136389232817,25.34514045715332,24.508543014526367,25.846521377563477,24.07954978942871,27.040830612182617
2097.0,26.278425216674805,24.857812881469727,26.62837028503418,NaN,25.679227828979492,26.10308837890625,24.66269302368164,25.51856803894043,23.624223709106445,25.307659149169922,24.171398162841797,24.124788284301758,24.40778923034668,26.806943893432617,26.419281005859375,25.243873596191406,24.565656661987305,24.180511474609375,25.67506980895996,24.89282989501953,25.371618270874023,25.91859245300293,25.258972440447128,25.307659149169922,24.565656661987305,25.91859245300293,24.124788284301758,26.62837028503418
2098.0,25.990938186645508,26.00541877746582,27.07197380065918,NaN,25.277523040771484,26.41345977783203,26.04285430908203,25.61461067199707,24.216028213500977,25.158184051513672,24.2044734954834,23.002817153930664,25.384885787963867,26.487276077270508,26.3212833404541,25.781288146972656,25.28452491760254,23.80470848083496,25.481782913208008,24.504192352294922,25.27482795715332,25.01911163330078,25.349626813616073,25.384885787963867,25.01911163330078,26.00541877746582,23.80470848083496,26.487276077270508
2099.0,26.1767578125,25.94896697998047,26.594532012939453,NaN,24.70878028869629,25.35502815246582,25.847394943237305,27.54909324645996,24.65499496459961,24.620361328125,24.38829231262207,23.612598419189453,25.588579177856445,27.30604362487793,26.652395248413086,26.00859832763672,26.56562042236328,24.7058162689209,25.850698471069336,24.05829429626465,25.747142791748047,24.778905868530273,25.558042617071244,25.747142791748047,24.7058162689209,26.1767578125,24.05829429626465,27.30604362487793
2100.0,26.035381317138672,25.80910301208496,26.973880767822266,NaN,25.216691970825195,25.38319969177246,26.99638557434082,26.518430709838867,25.527830123901367,25.646347045898438,24.340486526489258,24.705326080322266,25.16497230529785,25.9804630279541,26.56930923461914,25.717845916748047,25.915794372558594,25.605064392089844,25.135643005371094,24.3695125579834,25.588327407836914,26.038415908813477,25.67801956903367,25.646347045898438,25.216691970825195,26.035381317138672,24.3695125579834,26.973880767822266
