Years,ACCESS-CM2,ACCESS-ESM1-5,BCC-CSM2-MR,CESM2,CMCC-ESM2,CNRM-CM6-1,CNRM-ESM2-1,EC-Earth3,FGOALS-g3,GFDL-ESM4,GISS-E2-1-G,INM-CM4-8,INM-CM5-0,IPSL-CM6A-LR,KACE-1-0-G,MIROC6,MIROC-ES2L,MPI-ESM1-2-HR,MPI-ESM1-2-LR,MRI-ESM2-0,NorESM2-LM,NorESM2-MM,MME-mean,MME-median,MME-pct25,MME-pct75,MME-pct05,MME-pct95
1950.0,20.96976089477539,20.73532485961914,20.46097755432129,NaN,21.031757354736328,21.494672775268555,19.95145034790039,21.825475692749023,20.90486717224121,20.779043197631836,20.61975860595703,21.99565315246582,21.052337646484375,20.46644401550293,20.221620559692383,19.500654220581055,21.945247650146484,21.34441375732422,21.11079978942871,21.17087173461914,21.18115997314453,20.959123611450195,20.93911497933524,20.96976089477539,20.61975860595703,21.18115997314453,19.95145034790039,21.945247650146484
1951.0,20.290666580200195,19.97197151184082,21.297042846679688,NaN,19.82866096496582,21.39006996154785,22.049072265625,20.671964645385742,21.088890075683594,22.435083389282227,21.99895668029785,20.953121185302734,21.573165893554688,21.40945053100586,22.24405860900879,20.263370513916016,19.793987274169922,18.99441909790039,21.555803298950195,21.02691078186035,21.535310745239258,21.77676010131836,21.054701759701683,21.297042846679688,20.290666580200195,21.573165893554688,19.793987274169922,22.24405860900879
1952.0,21.42680549621582,20.564956665039062,20.397987365722656,NaN,21.58240509033203,20.311847686767578,20.564565658569336,21.02593421936035,20.515981674194336,21.53263282775879,19.851322174072266,21.87514305114746,21.308998107910156,20.914026260375977,21.01858901977539,19.26936912536621,20.324363708496094,19.727895736694336,21.428037643432617,20.075889587402344,19.669769287109375,20.90311622619629,20.680458886282786,20.564956665039062,20.311847686767578,21.308998107910156,19.669769287109375,21.58240509033203
1953.0,19.77381134033203,22.160629272460938,22.295326232910156,NaN,20.972047805786133,21.035463333129883,20.50054931640625,20.85848617553711,20.07415008544922,20.520671844482422,19.919315338134766,21.792797088623047,19.76603126525879,21.44011688232422,21.601913452148438,20.315753936767578,20.089895248413086,21.16900062561035,20.082773208618164,21.326658248901367,20.299484252929688,21.271825790405273,20.82222384498233,20.85848617553711,20.089895248413086,21.326658248901367,19.77381134033203,22.160629272460938
1954.0,20.462154388427734,19.897010803222656,21.2110652923584,NaN,20.34029197692871,20.499446868896484,19.957979202270508,20.854663848876953,20.47626495361328,21.426307678222656,20.287425994873047,21.748613357543945,22.4140625,21.39252471923828,21.077939987182617,20.96872901916504,19.616409301757812,22.114612579345703,19.873279571533203,21.296478271484375,21.044422149658203,20.365001678466797,20.82498495919364,20.854663848876953,20.34029197692871,21.296478271484375,19.873279571533203,22.114612579345703
1955.0,20.452306747436523,21.570528030395508,20.969911575317383,NaN,19.497106552124023,19.738069534301758,20.82059669494629,22.085561752319336,20.41572380065918,21.08894157409668,21.569992065429688,20.183879852294922,21.23050880432129,22.316930770874023,20.29168701171875,20.51216697692871,20.100605010986328,20.719974517822266,19.76374626159668,20.437896728515625,20.962188720703125,20.659055709838867,20.73273231869652,20.659055709838867,20.29168701171875,21.08894157409668,19.738069534301758,22.085561752319336
1956.0,22.18886947631836,20.60698890686035,21.19257354736328,NaN,19.97803497314453,20.231224060058594,20.603132247924805,21.005815505981445,21.257478713989258,22.782705307006836,21.035825729370117,20.73340606689453,20.27029800415039,20.018991470336914,20.71078109741211,22.91024398803711,20.896482467651367,20.87855339050293,21.20465850830078,21.426605224609375,21.528308868408203,20.730783462524414,21.0567505246117,20.896482467651367,20.60698890686035,21.257478713989258,20.018991470336914,22.782705307006836
1957.0,20.94049835205078,21.442398071289062,20.974992752075195,NaN,21.818492889404297,20.854001998901367,20.52825355529785,20.41914939880371,20.427417755126953,21.965965270996094,20.0071964263916,21.23807716369629,21.804536819458008,20.1616153717041,20.920135498046875,22.00806427001953,21.006423950195312,21.47015953063965,20.953716278076172,21.488914489746094,20.912609100341797,20.637666702270508,21.046680268787203,20.953716278076172,20.637666702270508,21.47015953063965,20.1616153717041,21.965965270996094
1958.0,20.751667022705078,21.50497817993164,20.552343368530273,NaN,20.687036514282227,20.32550621032715,20.543365478515625,21.404525756835938,20.057458877563477,20.375316619873047,20.979476928710938,21.739286422729492,21.33834457397461,20.3098201751709,19.610544204711914,22.209251403808594,20.367467880249023,22.416519165039062,21.485200881958008,20.97914695739746,21.1585636138916,20.212533950805664,20.905159723191034,20.751667022705078,20.367467880249023,21.404525756835938,20.057458877563477,22.209251403808594
1959.0,20.712120056152344,19.927053451538086,19.596529006958008,NaN,21.892147064208984,21.400651931762695,21.309537887573242,21.805265426635742,19.694908142089844,20.51927947998047,22.238771438598633,20.82999610900879,20.5123348236084,21.049663543701172,20.504039764404297,21.571533203125,19.86964988708496,21.489355087280273,21.38850212097168,21.09027671813965,21.63908576965332,20.09279441833496,20.91111882527669,21.049663543701172,20.504039764404297,21.489355087280273,19.694908142089844,21.892147064208984
1960.0,21.739850997924805,21.672561645507812,20.524267196655273,NaN,20.59201431274414,21.088207244873047,21.705808639526367,22.015562057495117,20.137426376342773,19.57887840270996,20.708284378051758,20.464719772338867,22.339786529541016,21.52715492248535,20.349384307861328,21.947219848632812,20.615968704223633,20.276803970336914,20.8088436126709,22.264238357543945,20.534366607666016,20.526180267333984,21.019882292974565,20.708284378051758,20.524267196655273,21.705808639526367,20.137426376342773,22.264238357543945
1961.0,21.072847366333008,20.239965438842773,20.826765060424805,NaN,20.87732696533203,21.666854858398438,21.302663803100586,20.918062210083008,20.113725662231445,20.515350341796875,20.85747718811035,21.242252349853516,22.61235237121582,21.254091262817383,21.42973518371582,20.610393524169922,21.01411247253418,19.964107513427734,21.48331069946289,20.682233810424805,19.499786376953125,20.972938537597656,20.912207285563152,20.918062210083008,20.610393524169922,21.254091262817383,19.964107513427734,21.666854858398438
1962.0,21.04620933532715,20.688810348510742,21.082406997680664,NaN,20.47172737121582,20.71674919128418,21.049413681030273,20.986038208007812,20.781394958496094,21.423234939575195,21.020654678344727,20.36912727355957,20.921422958374023,20.852500915527344,20.854537963867188,20.056068420410156,21.156875610351562,21.218772888183594,20.964244842529297,20.89460563659668,20.154035568237305,20.470487594604492,20.81806282770066,20.89460563659668,20.688810348510742,21.04620933532715,20.154035568237305,21.218772888183594
1963.0,21.98621368408203,20.483928680419922,21.52871322631836,NaN,21.364830017089844,21.241455078125,20.61879539489746,20.721982955932617,21.24658203125,21.003765106201172,20.52254295349121,20.83502960205078,19.305845260620117,20.564775466918945,21.27145004272461,20.13550567626953,21.127357482910156,20.627344131469727,21.743026733398438,21.560096740722656,20.129146575927734,20.345983505249023,20.874493826003302,20.83502960205078,20.52254295349121,21.27145004272461,20.129146575927734,21.743026733398438
1964.0,20.067806243896484,21.262372970581055,21.14482879638672,NaN,20.058149337768555,21.197996139526367,20.52559471130371,19.707387924194336,20.158639907836914,21.036893844604492,19.893795013427734,21.09073257446289,19.252521514892578,21.545412063598633,19.778526306152344,20.400279998779297,19.765653610229492,20.670650482177734,20.087963104248047,22.05695343017578,20.58254051208496,20.950592041015625,20.535013834635418,20.52559471130371,20.058149337768555,21.09073257446289,19.707387924194336,21.545412063598633
1965.0,21.009578704833984,19.75383186340332,20.97574234008789,NaN,20.91561508178711,20.703596115112305,20.580339431762695,20.41141700744629,20.29426383972168,20.80849838256836,20.79138946533203,20.9505672454834,19.172788619995117,20.895479202270508,20.99106216430664,19.849233627319336,20.054250717163086,20.9163761138916,20.446178436279297,21.12748146057129,20.257591247558594,20.908191680908203,20.56254632132394,20.79138946533203,20.29426383972168,20.9163761138916,19.75383186340332,21.009578704833984
1966.0,20.94687843322754,20.864713668823242,21.28476333618164,NaN,19.987634658813477,19.96139907836914,20.339618682861328,21.066726684570312,19.04938316345215,21.201692581176758,20.509258270263672,19.82427406311035,21.29280662536621,20.603357315063477,20.809738159179688,20.25617218017578,20.14089584350586,20.51289939880371,21.06901741027832,21.831541061401367,21.569927215576172,20.639421463012695,20.655339013962518,20.639421463012695,20.25617218017578,21.06901741027832,19.82427406311035,21.569927215576172
1967.0,21.127599716186523,20.851537704467773,21.016836166381836,NaN,20.295818328857422,20.777257919311523,19.980091094970703,20.736818313598633,20.2417049407959,20.76371955871582,19.280986785888672,20.722259521484375,21.38981819152832,20.694442749023438,20.669748306274414,20.347076416015625,19.85880470275879,22.444217681884766,19.666080474853516,20.82172203063965,21.124679565429688,20.38701057434082,20.628487178257533,20.722259521484375,20.295818328857422,20.851537704467773,19.666080474853516,21.38981819152832
1968.0,20.8251895904541,21.02570343017578,20.203556060791016,NaN,20.10746192932129,19.719650268554688,20.723466873168945,22.480730056762695,21.032699584960938,20.99717903137207,20.200345993041992,20.13373374938965,20.64067840576172,19.80891990661621,20.082048416137695,19.621864318847656,19.647401809692383,23.082801818847656,20.714632034301758,19.989404678344727,20.336360931396484,20.614742279052734,20.570884341285343,20.336360931396484,20.082048416137695,20.8251895904541,19.647401809692383,22.480730056762695
1969.0,19.635475158691406,20.93648910522461,20.059001922607422,NaN,21.505186080932617,21.086454391479492,19.817249298095703,19.697107315063477,19.42144203186035,20.72124671936035,20.089967727661133,21.062999725341797,19.963647842407227,20.536195755004883,21.62894058227539,19.677324295043945,20.498689651489258,21.320438385009766,20.6533145904541,20.091886520385742,20.30280303955078,21.543718338012695,20.48807516552153,20.498689651489258,19.963647842407227,21.062999725341797,19.635475158691406,21.543718338012695
1970.0,20.733928680419922,20.35870933532715,20.734201431274414,NaN,21.192113876342773,21.049245834350586,20.306974411010742,20.561439514160156,20.359914779663086,21.15371322631836,21.904375076293945,22.3690128326416,21.07880401611328,21.125720977783203,20.039936065673828,19.454843521118164,19.872472763061523,21.116445541381836,20.279644012451172,20.882720947265625,20.838359832763672,20.756786346435547,20.76996966770717,20.756786346435547,20.35870933532715,21.116445541381836,19.872472763061523,21.904375076293945
1971.0,20.625825881958008,20.36330795288086,21.541383743286133,NaN,21.113937377929688,20.938282012939453,21.26853370666504,20.80917739868164,20.71044158935547,21.352725982666016,20.11807632446289,20.801908493041992,21.31339454650879,21.097352981567383,21.12520408630371,20.70499038696289,20.11241912841797,21.85896110534668,20.88602066040039,21.289628982543945,20.112913131713867,19.528059005737305,20.841549737112864,20.88602066040039,20.625825881958008,21.26853370666504,20.11241912841797,21.541383743286133
1972.0,21.22760772705078,20.20661735534668,20.841197967529297,NaN,20.320085525512695,21.747709274291992,20.752445220947266,21.37371063232422,20.54659080505371,20.99083709716797,21.383251190185547,20.988449096679688,21.018932342529297,20.426849365234375,21.25432777404785,20.594404220581055,21.144325256347656,21.747278213500977,20.30132484436035,20.2890682220459,21.20199203491211,20.81631851196289,20.913015365600586,20.988449096679688,20.54659080505371,21.22760772705078,20.2890682220459,21.747278213500977
1973.0,20.583593368530273,20.967790603637695,20.65113067626953,NaN,20.52181053161621,21.484678268432617,20.386173248291016,20.58865737915039,20.107357025146484,20.826557159423828,19.874061584472656,20.226743698120117,21.18406105041504,21.54119110107422,21.691450119018555,20.842815399169922,20.315168380737305,21.23233413696289,19.63486099243164,20.227832794189453,20.54959487915039,20.45595932006836,20.661610557919456,20.583593368530273,20.315168380737305,20.967790603637695,19.874061584472656,21.54119110107422
1974.0,21.15182113647461,21.655017852783203,19.648479461669922,NaN,21.218385696411133,19.433443069458008,20.737060546875,22.004995346069336,21.459732055664062,21.31175422668457,21.075273513793945,20.856971740722656,21.32021713256836,20.49616050720215,20.78078842163086,20.329910278320312,20.579801559448242,19.58637809753418,20.811874389648438,21.37252426147461,20.882781982421875,20.235811233520508,20.807103929065523,20.856971740722656,20.49616050720215,21.31175422668457,19.58637809753418,21.655017852783203
1975.0,22.07947540283203,20.398941040039062,21.33542823791504,NaN,20.679195404052734,20.948280334472656,20.43636703491211,21.785879135131836,20.371746063232422,21.641765594482422,21.22888946533203,19.562211990356445,21.338380813598633,20.869169235229492,21.52437400817871,20.1068115234375,21.67963981628418,21.078365325927734,20.75733184814453,21.20322608947754,20.850845336914062,20.09046173095703,20.950799306233723,20.948280334472656,20.43636703491211,21.338380813598633,20.09046173095703,21.785879135131836
1976.0,22.125080108642578,20.470815658569336,20.78960418701172,NaN,21.158615112304688,21.54804039001465,20.15546226501465,20.97908592224121,20.97852897644043,20.089313507080078,21.256629943847656,21.538801193237305,21.443300247192383,20.439857482910156,20.891603469848633,20.568775177001953,21.0278377532959,21.62567710876465,21.009754180908203,20.182857513427734,20.495473861694336,20.253284454345703,20.90611421494257,20.97852897644043,20.470815658569336,21.256629943847656,20.15546226501465,21.62567710876465
1977.0,20.39164161682129,20.532360076904297,21.365245819091797,NaN,21.449106216430664,19.70206069946289,20.536775588989258,21.25119400024414,20.87767219543457,20.581546783447266,20.27318000793457,21.573486328125,20.164764404296875,20.841524124145508,20.581714630126953,21.517345428466797,20.721792221069336,21.536861419677734,20.817750930786133,21.066682815551758,20.22479248046875,20.634170532226562,20.792460396176292,20.721792221069336,20.532360076904297,21.25119400024414,20.164764404296875,21.536861419677734
1978.0,20.90803337097168,20.826345443725586,22.466577529907227,NaN,21.021652221679688,21.567222595214844,20.3560733795166,20.07657814025879,21.7072696685791,21.17139434814453,19.830408096313477,21.173439025878906,21.05858612060547,20.067974090576172,19.99903106689453,21.87872886657715,20.691293716430664,20.12724494934082,21.329113006591797,21.310199737548828,20.627513885498047,21.184894561767578,20.92283684866769,21.021652221679688,20.3560733795166,21.310199737548828,19.99903106689453,21.87872886657715
1979.0,21.636451721191406,20.89653205871582,21.862167358398438,NaN,20.100200653076172,19.95977783203125,22.480375289916992,21.38405418395996,22.02290916442871,21.932220458984375,20.953617095947266,20.36620330810547,20.626976013183594,21.509252548217773,20.830272674560547,20.902103424072266,21.416934967041016,21.082921981811523,20.629262924194336,20.38797378540039,21.367258071899414,20.22853660583496,21.07504772004627,20.953617095947266,20.626976013183594,21.509252548217773,20.100200653076172,22.02290916442871
1980.0,20.340578079223633,21.398212432861328,21.128738403320312,NaN,21.075801849365234,21.392131805419922,21.649921417236328,22.109529495239258,22.025949478149414,22.47589874267578,22.037269592285156,21.23882293701172,21.001033782958984,21.0870304107666,20.457530975341797,22.222835540771484,20.65383529663086,21.153547286987305,21.55720329284668,20.973573684692383,20.601898193359375,20.27054786682129,21.278661455426896,21.153547286987305,20.973573684692383,21.649921417236328,20.340578079223633,22.222835540771484
1981.0,20.700908660888672,20.467893600463867,21.506973266601562,NaN,20.254064559936523,20.903181076049805,22.781723022460938,20.847375869750977,20.68981170654297,20.309064865112305,20.274980545043945,19.870317459106445,21.45024299621582,20.551427841186523,19.981853485107422,20.04008674621582,21.57310676574707,21.097503662109375,20.822608947753906,20.44094467163086,21.088600158691406,20.819265365600586,20.784377870105562,20.700908660888672,20.309064865112305,21.088600158691406,19.981853485107422,21.57310676574707
1982.0,20.3515567779541,19.96065330505371,20.7907772064209,NaN,20.695833206176758,20.305736541748047,21.269559860229492,20.070947647094727,21.526947021484375,20.740629196166992,19.702890396118164,21.091407775878906,20.273273468017578,20.641061782836914,22.051637649536133,20.670860290527344,22.03114891052246,21.416393280029297,21.733924865722656,20.550556182861328,21.300579071044922,21.940975189208984,20.910349982125418,20.740629196166992,20.3515567779541,21.416393280029297,19.96065330505371,22.03114891052246
1983.0,20.399309158325195,21.211463928222656,20.618371963500977,NaN,20.01565170288086,21.162494659423828,21.107711791992188,19.208730697631836,20.60577964782715,20.339040756225586,20.864013671875,19.482818603515625,20.257923126220703,20.467119216918945,21.801389694213867,20.681339263916016,21.492368698120117,21.19188690185547,21.264848709106445,20.30792999267578,20.89103126525879,20.794116973876953,20.674540020170667,20.681339263916016,20.339040756225586,21.162494659423828,19.482818603515625,21.492368698120117
1984.0,20.745115280151367,19.62514877319336,20.175615310668945,NaN,20.71849250793457,22.643566131591797,19.92594337463379,20.04164695739746,21.839895248413086,21.633338928222656,23.18898582458496,20.314865112304688,21.135297775268555,19.505542755126953,21.156618118286133,20.136581420898438,20.774707794189453,21.11795997619629,21.857406616210938,20.737472534179688,19.905017852783203,20.549720764160156,20.844235193161737,20.737472534179688,20.136581420898438,21.156618118286133,19.62514877319336,22.643566131591797
1985.0,20.97406578063965,20.95631217956543,21.680736541748047,NaN,20.946287155151367,20.877016067504883,20.974441528320312,21.558612823486328,20.74508285522461,21.11368179321289,20.830442428588867,21.356054306030273,21.738080978393555,21.030258178710938,22.10218048095703,21.366191864013672,20.99711036682129,20.099258422851562,22.064624786376953,20.910404205322266,20.891944885253906,20.218900680541992,21.11579468136742,20.974441528320312,20.891944885253906,21.366191864013672,20.218900680541992,22.064624786376953
1986.0,20.727855682373047,20.587106704711914,19.97421646118164,NaN,21.049638748168945,21.41212272644043,21.224699020385742,20.35651397705078,20.903640747070312,20.49273109436035,20.866056442260742,20.900875091552734,21.954999923706055,21.162885665893555,21.735403060913086,20.913982391357422,21.218154907226562,20.185697555541992,21.644771575927734,21.722145080566406,20.77174186706543,20.72369384765625,20.977568217686244,20.903640747070312,20.72369384765625,21.224699020385742,20.185697555541992,21.735403060913086
1987.0,21.123165130615234,22.078109741210938,20.761598587036133,NaN,21.264453887939453,22.7074031829834,20.729352951049805,19.508235931396484,21.35079002380371,21.630321502685547,20.041988372802734,21.182336807250977,22.373497009277344,21.635955810546875,21.580820083618164,21.813589096069336,20.312610626220703,20.003326416015625,21.086198806762695,20.337064743041992,21.053632736206055,21.71236801147461,21.156515212286088,21.182336807250977,20.729352951049805,21.635955810546875,20.003326416015625,22.373497009277344
1988.0,21.21702766418457,21.127443313598633,22.427644729614258,NaN,22.050121307373047,21.720657348632812,20.846927642822266,21.185436248779297,20.64996910095215,20.71061897277832,22.7403621673584,21.96445083618164,21.263051986694336,21.13886260986328,20.032350540161133,21.279640197753906,20.46446418762207,20.49362564086914,21.787555694580078,20.509479522705078,21.75029754638672,20.697975158691406,21.240855353219168,21.185436248779297,20.697975158691406,21.75029754638672,20.46446418762207,22.427644729614258
1989.0,20.81768035888672,20.05282211303711,21.4527587890625,NaN,20.635740280151367,19.9564151763916,20.479665756225586,21.564983367919922,20.871065139770508,21.902055740356445,20.496109008789062,21.904298782348633,20.149375915527344,20.18943977355957,22.15441131591797,21.75832748413086,19.55911636352539,20.727115631103516,20.430957794189453,21.115476608276367,20.936819076538086,20.9124755859375,20.86033857436407,20.81768035888672,20.430957794189453,21.4527587890625,19.9564151763916,21.904298782348633
1990.0,20.510915756225586,19.980121612548828,21.446374893188477,NaN,21.689388275146484,21.107250213623047,20.841957092285156,20.818937301635742,22.237308502197266,20.534786224365234,20.16991424560547,21.079803466796875,20.780349731445312,21.005300521850586,21.08934783935547,20.6134090423584,21.30495834350586,21.330081939697266,20.090572357177734,21.00478744506836,20.63625144958496,21.74243927001953,20.953059786841983,21.00478744506836,20.6134090423584,21.30495834350586,20.090572357177734,21.74243927001953
1991.0,21.566444396972656,20.581493377685547,20.557941436767578,NaN,20.140783309936523,21.64042091369629,21.981616973876953,21.53288459777832,21.66933822631836,21.802248001098633,21.42450523376465,21.64161491394043,20.613231658935547,21.249061584472656,21.62496566772461,20.932004928588867,21.89565086364746,20.58501625061035,20.27372932434082,20.028121948242188,21.25033187866211,21.139101028442383,21.149071738833474,21.25033187866211,20.58501625061035,21.64042091369629,20.140783309936523,21.89565086364746
1992.0,21.240312576293945,20.03358268737793,20.52822494506836,NaN,20.985464096069336,21.435348510742188,21.414480209350586,20.83409309387207,21.565425872802734,21.419633865356445,21.081575393676758,21.045408248901367,21.13066291809082,20.098939895629883,22.01284408569336,20.105670928955078,21.82647132873535,20.02278709411621,21.58479118347168,20.657468795776367,21.604015350341797,21.569499969482422,21.056985764276412,21.13066291809082,20.657468795776367,21.565425872802734,20.03358268737793,21.82647132873535
1993.0,20.603137969970703,21.901166915893555,20.3687801361084,NaN,19.83745765686035,20.569005966186523,20.909847259521484,20.92523765563965,21.39223861694336,20.538665771484375,21.03567886352539,21.698495864868164,18.77174949645996,20.828855514526367,21.955244064331055,21.539974212646484,22.248455047607422,20.998769760131836,20.059743881225586,21.222070693969727,20.893051147460938,20.63808822631836,20.901700701032365,20.909847259521484,20.569005966186523,21.39223861694336,19.83745765686035,21.955244064331055
1994.0,20.225095748901367,21.372676849365234,21.119976043701172,NaN,21.504009246826172,22.516382217407227,20.24355697631836,21.74859046936035,21.523595809936523,21.70733070373535,21.227985382080078,21.199865341186523,20.051111221313477,20.48293685913086,20.65184211730957,21.199068069458008,20.275331497192383,20.315082550048828,21.857467651367188,21.365697860717773,21.812007904052734,20.896440505981445,21.10933576311384,21.199865341186523,20.48293685913086,21.523595809936523,20.225095748901367,21.857467651367188
1995.0,21.080385208129883,22.214635848999023,20.627323150634766,NaN,21.338516235351562,20.126502990722656,21.39099884033203,20.725435256958008,21.53997039794922,21.43564224243164,22.76270294189453,21.890756607055664,21.543212890625,20.708396911621094,20.900957107543945,21.177391052246094,21.066566467285156,19.7770938873291,21.598283767700195,21.372081756591797,21.44455337524414,21.317609786987305,21.239953177315847,21.338516235351562,20.900957107543945,21.53997039794922,20.126502990722656,22.214635848999023
1996.0,20.43067169189453,21.649322509765625,20.76027488708496,NaN,19.99836540222168,21.286516189575195,20.491065979003906,20.906309127807617,20.855730056762695,20.967636108398438,21.314533233642578,21.3463077545166,21.152795791625977,22.361106872558594,20.776721954345703,20.63324546813965,21.178842544555664,20.346282958984375,21.18199920654297,20.65314483642578,21.398305892944336,21.63896369934082,21.01562581743513,20.967636108398438,20.65314483642578,21.314533233642578,20.346282958984375,21.649322509765625
1997.0,22.37261390686035,21.633094787597656,21.159133911132812,NaN,20.562421798706055,22.15986442565918,21.384098052978516,21.792085647583008,20.74506378173828,20.69781494140625,21.700489044189453,20.12167739868164,21.4431095123291,21.597179412841797,22.17835807800293,21.600889205932617,21.888090133666992,22.396093368530273,20.812374114990234,21.54578399658203,20.76841163635254,21.009431838989258,21.408003761654808,21.54578399658203,20.812374114990234,21.792085647583008,20.562421798706055,22.37261390686035
1998.0,20.91042709350586,21.95362663269043,20.928363800048828,NaN,20.815752029418945,20.483320236206055,21.06464385986328,20.758275985717773,23.037845611572266,21.381183624267578,20.9079532623291,21.104841232299805,21.196231842041016,21.59884262084961,22.63937759399414,20.63278579711914,23.183055877685547,21.90509605407715,20.52886390686035,20.811891555786133,22.771772384643555,21.379558563232422,21.428271884009952,21.104841232299805,20.815752029418945,21.90509605407715,20.52886390686035,23.037845611572266
1999.0,21.551929473876953,21.729225158691406,22.09983253479004,NaN,22.54098129272461,21.25909996032715,21.851289749145508,21.28061866760254,21.884937286376953,20.081132888793945,21.67508888244629,21.450786590576172,21.837181091308594,20.279600143432617,22.49959945678711,22.241472244262695,20.90507698059082,21.713054656982422,22.49014663696289,21.85523796081543,22.728548049926758,21.82355499267578,21.703733080909366,21.82355499267578,21.450786590576172,22.09983253479004,20.279600143432617,22.54098129272461
2000.0,21.55257225036621,22.159574508666992,22.614179611206055,NaN,21.346906661987305,21.418222427368164,21.440942764282227,20.855724334716797,21.272214889526367,20.334430694580078,22.17159652709961,21.19396209716797,21.43194007873535,20.95670509338379,22.09760856628418,22.474882125854492,22.390552520751953,21.381914138793945,21.286317825317383,21.875789642333984,21.669740676879883,21.635345458984375,21.598148709251767,21.440942764282227,21.286317825317383,22.09760856628418,20.855724334716797,22.474882125854492
2001.0,21.822586059570312,21.930313110351562,20.14133071899414,NaN,21.50434112548828,21.31932258605957,20.890901565551758,20.27603530883789,21.57083511352539,21.750635147094727,22.20684051513672,21.23299217224121,22.411378860473633,22.266172409057617,21.00910186767578,21.826452255249023,22.196186065673828,21.04207420349121,21.342540740966797,20.281063079833984,21.656862258911133,22.522634506225586,21.485742841448104,21.57083511352539,21.04207420349121,21.930313110351562,20.27603530883789,22.411378860473633
2002.0,22.216157913208008,22.131380081176758,21.204059600830078,NaN,22.250913619995117,22.197755813598633,22.775537490844727,21.5054874420166,21.65293312072754,21.465389251708984,20.822309494018555,22.100440979003906,22.281919479370117,21.21027946472168,21.87306785583496,22.810518264770508,22.013683319091797,22.544498443603516,22.331377029418945,21.225910186767578,21.518220901489258,22.096954345703125,21.91565686180478,22.096954345703125,21.5054874420166,22.250913619995117,21.204059600830078,22.775537490844727
2003.0,21.471059799194336,22.92090606689453,21.90041732788086,NaN,21.866840362548828,21.581132888793945,21.15097427368164,22.405075073242188,21.521778106689453,19.19763946533203,19.422231674194336,22.58685874938965,20.51102066040039,21.342802047729492,22.08803939819336,21.596471786499023,21.36030387878418,21.828598022460938,21.908891677856445,20.880111694335938,21.191753387451172,20.812959671020508,21.406946000598726,21.521778106689453,21.15097427368164,21.90041732788086,19.422231674194336,22.58685874938965
2004.0,21.408977508544922,22.143877029418945,21.181503295898438,NaN,21.28485107421875,21.23352813720703,21.80664825439453,20.996793746948242,20.114212036132812,21.52687644958496,23.470857620239258,21.958826065063477,20.799110412597656,21.871667861938477,20.56865882873535,21.78374671936035,22.544546127319336,22.23923683166504,21.0836181640625,20.920190811157227,21.271930694580078,22.01177978515625,21.53435416448684,21.408977508544922,21.0836181640625,21.958826065063477,20.56865882873535,22.544546127319336
2005.0,21.80263900756836,20.9449520111084,22.726184844970703,NaN,21.808223724365234,21.233646392822266,21.21210479736328,20.690427780151367,21.088424682617188,21.049318313598633,21.713090896606445,21.35753631591797,20.222618103027344,22.68008041381836,21.276453018188477,22.978689193725586,23.19428825378418,22.250131607055664,22.113727569580078,22.321090698242188,21.181320190429688,22.24021339416504,21.71834100995745,21.713090896606445,21.181320190429688,22.250131607055664,20.690427780151367,22.978689193725586
2006.0,21.428659439086914,21.558897018432617,20.33408546447754,NaN,21.931880950927734,22.24931526184082,21.581266403198242,21.150964736938477,22.134157180786133,22.424663543701172,21.335786819458008,21.68500328063965,20.99750328063965,21.532550811767578,23.419818878173828,22.27591323852539,22.081605911254883,22.14183235168457,22.42999839782715,22.520795822143555,21.7906551361084,22.36229705810547,21.874650046938942,21.931880950927734,21.532550811767578,22.27591323852539,20.99750328063965,22.520795822143555
2007.0,22.095754623413086,21.086633682250977,21.183008193969727,NaN,23.130022048950195,19.648162841796875,22.320877075195312,21.21075439453125,22.036521911621094,21.095884323120117,21.16133689880371,22.562206268310547,21.62986183166504,23.105281829833984,21.453304290771484,22.145038604736328,21.398481369018555,22.293973922729492,21.88895034790039,21.927629470825195,22.39892578125,22.963972091674805,21.844599133446103,21.927629470825195,21.21075439453125,22.320877075195312,21.086633682250977,23.105281829833984
2008.0,21.767559051513672,21.43592643737793,21.645387649536133,NaN,23.246877670288086,21.741823196411133,21.210784912109375,21.660531997680664,20.90131187438965,22.06275177001953,22.651508331298828,21.697877883911133,23.069223403930664,21.73196792602539,20.886016845703125,21.157676696777344,20.791120529174805,22.15706443786621,21.836807250976562,21.63132095336914,22.44261360168457,21.067344665527344,21.752071289789107,21.697877883911133,21.210784912109375,22.06275177001953,20.886016845703125,23.069223403930664
2009.0,21.80670928955078,21.052593231201172,22.17228889465332,NaN,21.673437118530273,20.993040084838867,22.154844284057617,22.313129425048828,22.22767448425293,22.20600128173828,21.795135498046875,22.526491165161133,22.43994140625,20.972848892211914,22.224578857421875,21.817256927490234,20.53705596923828,21.338483810424805,21.71542739868164,21.544448852539062,22.51994514465332,21.93917465209961,21.80811936514718,21.817256927490234,21.544448852539062,22.224578857421875,20.972848892211914,22.51994514465332
2010.0,21.460859298706055,22.07801055908203,22.757568359375,NaN,23.218353271484375,21.506183624267578,21.55665397644043,22.13762664794922,21.602561950683594,21.676658630371094,22.153282165527344,21.395980834960938,22.798892974853516,23.136940002441406,23.475425720214844,23.10325813293457,22.58002471923828,21.533048629760742,22.651803970336914,21.231138229370117,21.583086013793945,22.86954116821289,22.214614232381184,22.13762664794922,21.55665397644043,22.798892974853516,21.395980834960938,23.218353271484375
2011.0,21.163368225097656,22.33082389831543,20.839317321777344,NaN,21.364765167236328,21.2077693939209,22.828731536865234,22.569915771484375,21.448301315307617,22.56089973449707,21.269853591918945,20.880714416503906,22.003625869750977,22.517822265625,22.012487411499023,22.561981201171875,21.893890380859375,19.73196029663086,20.965442657470703,22.148456573486328,22.518951416015625,21.906883239746094,21.748855318341935,21.906883239746094,21.2077693939209,22.517822265625,20.839317321777344,22.569915771484375
2012.0,21.093841552734375,22.674856185913086,21.56437110900879,NaN,22.40998649597168,21.129499435424805,22.313251495361328,22.905439376831055,22.036331176757812,21.355928421020508,21.372522354125977,21.397300720214844,21.041488647460938,22.018314361572266,20.79895782470703,20.929224014282227,22.08745765686035,21.28568458557129,20.668760299682617,21.408111572265625,21.736787796020508,22.099714279174805,21.634658540998185,21.408111572265625,21.129499435424805,22.08745765686035,20.79895782470703,22.674856185913086
2013.0,22.059751510620117,21.303707122802734,21.24735450744629,NaN,20.70468521118164,21.577550888061523,21.992084503173828,22.66793441772461,21.73180389404297,22.144149780273438,22.761638641357422,21.84462547302246,21.304412841796875,21.68756103515625,21.335323333740234,21.222640991210938,20.493242263793945,21.245004653930664,21.901325225830078,22.853500366210938,21.13761329650879,22.02606773376465,21.678189413888113,21.68756103515625,21.24735450744629,22.02606773376465,20.70468521118164,22.761638641357422
2014.0,21.308910369873047,21.964202880859375,21.754884719848633,NaN,22.60418701171875,22.307981491088867,21.600332260131836,22.56684684753418,22.97353172302246,22.05973243713379,22.665874481201172,20.461313247680664,22.617334365844727,22.280410766601562,21.314971923828125,23.34662437438965,21.804058074951172,21.544172286987305,20.601308822631836,22.716983795166016,22.3840274810791,21.43468475341797,22.014874957856676,22.05973243713379,21.544172286987305,22.60418701171875,20.601308822631836,22.97353172302246
2015.0,21.155181884765625,22.425840377807617,21.86520767211914,NaN,21.78801155090332,20.9825439453125,20.840547561645508,22.237369537353516,20.73613739013672,21.694490432739258,21.960987091064453,22.0106258392334,23.54543113708496,23.226139068603516,23.181455612182617,21.365894317626953,21.95965003967285,21.65409278869629,22.24836540222168,21.796342849731445,22.56508445739746,21.349145889282227,21.932787849789573,21.86520767211914,21.365894317626953,22.24836540222168,20.840547561645508,23.226139068603516
2016.0,21.870079040527344,23.48838233947754,20.809223175048828,NaN,20.82792091369629,22.745471954345703,22.02785873413086,22.202070236206055,22.044557571411133,22.243759155273438,22.94497299194336,21.252883911132812,21.060632705688477,23.452415466308594,21.99142074584961,21.380937576293945,22.60744857788086,22.311445236206055,22.19446563720703,22.329357147216797,22.100013732910156,22.816986083984375,22.1286810920352,22.19446563720703,21.870079040527344,22.60744857788086,20.82792091369629,23.452415466308594
2017.0,22.129676818847656,22.447446823120117,22.605915069580078,NaN,21.572824478149414,20.847875595092773,21.865245819091797,22.327489852905273,22.411388397216797,22.370731353759766,21.797365188598633,21.84822654724121,20.542903900146484,22.551979064941406,22.157501220703125,21.152698516845703,21.97393226623535,23.297693252563477,22.503660202026367,21.67635726928711,22.313940048217773,22.147754669189453,22.025838397798083,22.147754669189453,21.797365188598633,22.411388397216797,20.847875595092773,22.605915069580078
2018.0,21.570632934570312,23.031702041625977,21.949691772460938,NaN,21.84378433227539,22.59696388244629,22.89714813232422,22.929548263549805,21.6617374420166,22.474224090576172,22.26093101501465,20.969690322875977,21.246723175048828,22.04644012451172,22.196666717529297,21.84430503845215,20.627031326293945,21.448612213134766,22.67489242553711,22.127710342407227,21.644630432128906,22.648386001586914,22.032926286969865,22.04644012451172,21.644630432128906,22.59696388244629,20.969690322875977,22.929548263549805
2019.0,21.52667999267578,23.271909713745117,21.79250144958496,NaN,22.004777908325195,22.137205123901367,21.895545959472656,22.341785430908203,22.491456985473633,22.75684928894043,22.332443237304688,21.074445724487305,21.72360610961914,22.093294143676758,22.779064178466797,21.996570587158203,23.117996215820312,22.15533447265625,21.423608779907227,22.67310333251953,21.765439987182617,22.70587730407715,22.19330932980492,22.137205123901367,21.79250144958496,22.67310333251953,21.423608779907227,23.117996215820312
2020.0,22.070772171020508,22.791610717773438,22.289663314819336,NaN,21.660486221313477,22.906646728515625,23.196016311645508,22.279138565063477,20.582937240600586,21.403053283691406,21.072195053100586,22.415990829467773,22.063508987426758,21.84144401550293,24.00431251525879,22.27684783935547,22.3005428314209,21.81034278869629,20.588788986206055,22.183046340942383,21.8875675201416,21.54841423034668,22.05587269010998,22.070772171020508,21.660486221313477,22.3005428314209,20.588788986206055,23.196016311645508
2021.0,22.656648635864258,22.19483757019043,21.877193450927734,NaN,21.46652603149414,22.87557029724121,22.400049209594727,22.612642288208008,21.191726684570312,21.785472869873047,21.4569034576416,21.188098907470703,22.88766098022461,23.14576530456543,22.50942039489746,22.76524543762207,22.475494384765625,21.93963050842285,21.55274200439453,22.65077781677246,22.50935173034668,22.687660217285156,22.229972294398717,22.475494384765625,21.785472869873047,22.656648635864258,21.191726684570312,22.88766098022461
2022.0,21.892112731933594,21.847131729125977,21.300138473510742,NaN,21.836427688598633,22.663402557373047,22.30012321472168,22.08013343811035,22.089801788330078,23.03707504272461,21.14836883544922,21.618186950683594,22.039569854736328,22.65570068359375,22.953502655029297,21.669403076171875,22.642942428588867,22.54792022705078,22.010456085205078,21.38213539123535,22.079431533813477,22.63059425354004,22.115455173310778,22.079431533813477,21.836427688598633,22.63059425354004,21.300138473510742,22.953502655029297
2023.0,22.752771377563477,22.426298141479492,22.42972755432129,NaN,22.01993751525879,22.929899215698242,22.882366180419922,23.47601890563965,22.571290969848633,21.87324333190918,23.32464599609375,22.2622013092041,22.647127151489258,22.108755111694336,22.905670166015625,22.512786865234375,23.18885612487793,23.652311325073242,23.02764129638672,22.33448028564453,21.548551559448242,22.26175880432129,22.625539961315337,22.571290969848633,22.2622013092041,22.929899215698242,21.87324333190918,23.47601890563965
2024.0,23.0809268951416,21.728748321533203,22.423843383789062,NaN,21.610713958740234,21.214271545410156,21.460079193115234,22.959915161132812,22.172607421875,22.72646141052246,21.24004364013672,21.576229095458984,21.920818328857422,22.38432502746582,23.506242752075195,21.736249923706055,22.381149291992188,21.536434173583984,21.734407424926758,21.96050453186035,23.749088287353516,21.878429412841797,22.14197567531041,21.920818328857422,21.610713958740234,22.423843383789062,21.24004364013672,23.506242752075195
2025.0,22.210739135742188,22.865528106689453,23.470603942871094,NaN,20.797273635864258,22.23431396484375,21.61290740966797,22.643848419189453,22.824220657348633,22.528474807739258,22.51656723022461,21.463693618774414,21.736499786376953,22.69944953918457,23.83919906616211,23.63663101196289,22.405595779418945,22.8238525390625,21.920103073120117,22.008039474487305,22.662952423095703,21.887964248657227,22.418497993832542,22.51656723022461,21.920103073120117,22.8238525390625,21.463693618774414,23.63663101196289
2026.0,22.302953720092773,22.632286071777344,22.473201751708984,NaN,21.097537994384766,22.390869140625,22.828556060791016,21.915285110473633,22.62724494934082,22.216230392456055,23.16691780090332,21.407224655151367,21.085430145263672,23.356252670288086,22.522871017456055,21.749279022216797,23.061418533325195,23.30689239501953,22.319536209106445,21.944812774658203,22.031986236572266,23.304162979125977,22.36861664908273,22.390869140625,21.944812774658203,22.828556060791016,21.097537994384766,23.30689239501953
2027.0,23.009784698486328,24.573627471923828,22.22052574157715,NaN,21.979686737060547,22.51042366027832,24.382036209106445,22.671064376831055,22.85354232788086,22.58664321899414,22.10692596435547,22.41260528564453,22.665956497192383,23.341371536254883,22.72015380859375,23.160934448242188,22.284622192382812,24.101757049560547,22.880090713500977,23.36448860168457,22.23088264465332,22.199323654174805,22.869354611351376,22.671064376831055,22.284622192382812,23.160934448242188,22.10692596435547,24.382036209106445
2028.0,21.881074905395508,23.44144630432129,22.673992156982422,NaN,22.754045486450195,23.779375076293945,22.948444366455078,24.06938934326172,21.976816177368164,21.681285858154297,21.308794021606445,21.147384643554688,23.41596221923828,23.624691009521484,23.471803665161133,22.175331115722656,23.466360092163086,24.356142044067383,22.16912078857422,22.016084671020508,22.25919532775879,21.282081604003906,22.661848613194056,22.673992156982422,21.976816177368164,23.466360092163086,21.282081604003906,24.06938934326172
2029.0,22.943016052246094,23.16143226623535,22.461063385009766,NaN,22.234920501708984,22.43939781188965,21.359912872314453,22.70821189880371,23.16402244567871,22.30059051513672,22.250137329101562,21.145288467407227,23.39142417907715,22.08837127685547,23.05335807800293,22.14630699157715,23.231828689575195,22.244115829467773,21.457578659057617,22.27472496032715,22.627483367919922,21.84466552734375,22.40608814784459,22.30059051513672,22.14630699157715,22.943016052246094,21.359912872314453,23.231828689575195
2030.0,23.341716766357422,23.880691528320312,22.369564056396484,NaN,23.264118194580078,23.154895782470703,22.3386287689209,23.33172607421875,20.635305404663086,22.26289939880371,23.80079460144043,21.050512313842773,21.822649002075195,22.69499397277832,24.60679817199707,23.35605812072754,22.404277801513672,22.04743766784668,22.1522159576416,23.705589294433594,22.315717697143555,22.061479568481445,22.695146197364444,22.404277801513672,22.1522159576416,23.341716766357422,21.050512313842773,23.880691528320312
2031.0,21.962602615356445,22.91892433166504,22.532337188720703,NaN,22.125389099121094,22.00490379333496,22.471912384033203,21.494142532348633,21.908477783203125,22.914501190185547,23.205671310424805,21.602052688598633,22.19741439819336,23.503847122192383,23.40557098388672,23.76812744140625,23.4547061920166,23.803924560546875,22.89205551147461,23.253559112548828,22.027576446533203,22.79584312438965,22.678263800484793,22.79584312438965,22.027576446533203,23.253559112548828,21.602052688598633,23.76812744140625
2032.0,22.787370681762695,23.288328170776367,23.34023666381836,NaN,21.85158348083496,22.84031105041504,23.503419876098633,22.038793563842773,22.8857364654541,22.717222213745117,22.22633934020996,21.97797203063965,20.92289924621582,23.2063045501709,23.238788604736328,23.59126091003418,22.522729873657227,23.50489616394043,21.660921096801758,22.886653900146484,22.11612892150879,23.272846221923828,22.684797286987305,22.84031105041504,22.11612892150879,23.272846221923828,21.660921096801758,23.50489616394043
2033.0,24.09042739868164,23.246152877807617,23.753204345703125,NaN,22.443798065185547,22.077625274658203,22.339323043823242,23.974733352661133,22.336688995361328,22.556915283203125,23.18447494506836,22.037107467651367,23.146604537963867,22.188045501708984,24.427831649780273,22.39961814880371,23.463634490966797,23.241100311279297,22.206377029418945,22.593252182006836,22.865455627441406,22.56832504272461,22.911461693899973,22.593252182006836,22.339323043823242,23.246152877807617,22.077625274658203,24.09042739868164
2034.0,23.70309829711914,23.979387283325195,22.705974578857422,NaN,22.547245025634766,22.904916763305664,22.720470428466797,22.36806297302246,22.778697967529297,22.05127716064453,22.728137969970703,21.61764907836914,23.332664489746094,23.159208297729492,25.15294647216797,24.212385177612305,22.685977935791016,23.189207077026367,22.29337501525879,22.54686164855957,22.87860107421875,23.411483764648438,22.998458499000186,22.778697967529297,22.547245025634766,23.332664489746094,22.05127716064453,24.212385177612305
2035.0,22.837284088134766,23.75426483154297,22.914548873901367,NaN,23.618057250976562,22.431612014770508,22.673036575317383,22.708417892456055,21.826810836791992,21.72344970703125,21.852949142456055,21.165071487426758,22.631954193115234,23.526159286499023,23.773181915283203,22.35980224609375,22.929649353027344,23.73465347290039,23.517822265625,22.993879318237305,22.181617736816406,22.741403579711914,22.756934574672155,22.741403579711914,22.35980224609375,23.517822265625,21.72344970703125,23.75426483154297
2036.0,23.298480987548828,23.712356567382812,23.974163055419922,NaN,21.9521484375,23.90291976928711,22.963504791259766,23.310535430908203,22.5267333984375,22.240262985229492,23.627798080444336,21.69144058227539,22.08795928955078,23.948213577270508,24.143630981445312,22.074708938598633,22.043371200561523,24.032936096191406,23.282629013061523,24.02632713317871,23.23235321044922,23.440956115722656,23.119687125796364,23.298480987548828,22.240262985229492,23.90291976928711,21.9521484375,24.032936096191406
2037.0,22.612409591674805,23.08806800842285,22.278465270996094,NaN,21.259769439697266,23.656776428222656,22.02520179748535,23.323200225830078,22.748872756958008,22.836841583251953,22.993410110473633,21.994094848632812,22.290727615356445,23.164134979248047,24.956151962280273,22.76784896850586,22.96392059326172,22.22734832763672,22.737377166748047,23.359586715698242,22.47200584411621,22.81991958618164,22.78933961050851,22.76784896850586,22.290727615356445,23.08806800842285,21.994094848632812,23.656776428222656
2038.0,23.307472229003906,23.626937866210938,22.621957778930664,NaN,23.300203323364258,23.88287925720215,23.32396125793457,21.87539291381836,21.2767391204834,23.299604415893555,22.919954299926758,21.771364212036133,22.066526412963867,24.550277709960938,23.15479850769043,23.58492660522461,22.901803970336914,22.629634857177734,22.383403778076172,23.562726974487305,22.699464797973633,22.85785484313965,22.93323262532552,22.919954299926758,22.621957778930664,23.32396125793457,21.771364212036133,23.88287925720215
2039.0,22.759920120239258,23.084304809570312,22.73534393310547,NaN,23.013538360595703,22.945112228393555,22.17629623413086,22.78182601928711,22.974079132080078,22.70090103149414,23.315216064453125,22.671398162841797,23.860586166381836,23.15485382080078,24.010080337524414,23.90959358215332,22.11200714111328,20.77389144897461,22.456254959106445,23.464996337890625,22.647722244262695,24.53636360168457,22.95639455886114,22.945112228393555,22.671398162841797,23.315216064453125,22.11200714111328,24.010080337524414
2040.0,21.627288818359375,24.166242599487305,23.1578426361084,NaN,22.983625411987305,22.3802547454834,22.201812744140625,23.621686935424805,22.491018295288086,21.756973266601562,22.80088233947754,22.56097412109375,23.33531951904297,23.37533950805664,24.59187889099121,23.81051254272461,23.238723754882812,22.65420913696289,22.587108612060547,23.148880004882812,23.645492553710938,22.644393920898438,22.989545731317428,22.983625411987305,22.56097412109375,23.37533950805664,21.756973266601562,24.166242599487305
2041.0,23.18416976928711,22.83689308166504,22.661901473999023,NaN,22.48506736755371,23.201744079589844,23.275352478027344,22.200193405151367,22.59929084777832,21.50949478149414,23.05365753173828,21.715612411499023,22.23027229309082,23.8935604095459,23.98982810974121,23.361242294311523,23.47841453552246,22.063568115234375,23.561901092529297,22.51459503173828,23.341297149658203,23.74384307861328,22.900090444655646,23.05365753173828,22.48506736755371,23.361242294311523,21.715612411499023,23.8935604095459
2042.0,23.350120544433594,22.761566162109375,23.396881103515625,NaN,22.60576820373535,21.708959579467773,23.712261199951172,21.833969116210938,23.406435012817383,23.54430389404297,23.084259033203125,22.42223358154297,21.594884872436523,23.040855407714844,23.80107879638672,22.0881290435791,22.93686866760254,23.41347885131836,22.55538558959961,22.85638427734375,24.096914291381836,23.255046844482422,22.92694209870838,23.040855407714844,22.55538558959961,23.406435012817383,21.708959579467773,23.80107879638672
2043.0,23.38674545288086,23.533756256103516,23.15008544921875,NaN,23.750259399414062,21.396150588989258,22.789751052856445,23.979930877685547,23.408802032470703,22.796615600585938,24.07520294189453,22.504486083984375,22.156139373779297,23.617704391479492,24.476774215698242,23.733131408691406,24.206165313720703,23.02432632446289,23.06855010986328,24.220333099365234,22.97692108154297,23.148969650268555,23.304800033569336,23.38674545288086,22.97692108154297,23.750259399414062,22.156139373779297,24.220333099365234
2044.0,23.720468521118164,23.082735061645508,22.651042938232422,NaN,22.993364334106445,23.705093383789062,23.537824630737305,23.66201400756836,22.826223373413086,22.173059463500977,23.803712844848633,22.02545738220215,22.840044021606445,22.865949630737305,24.62755584716797,23.396894454956055,23.989492416381836,23.620746612548828,24.58203125,23.051956176757812,22.138935089111328,23.25714683532715,23.26436896551223,23.25714683532715,22.840044021606445,23.705093383789062,22.138935089111328,24.58203125
2045.0,23.76180648803711,24.30849838256836,23.435182571411133,NaN,23.936477661132812,22.717376708984375,23.822298049926758,22.80824089050293,22.558794021606445,23.39205551147461,23.149539947509766,21.825212478637695,23.456714630126953,24.73687171936035,23.989059448242188,23.50417709350586,22.664541244506836,23.094697952270508,23.829315185546875,23.279966354370117,22.683931350708008,23.116830825805664,23.33674231029692,23.39205551147461,22.80824089050293,23.822298049926758,22.558794021606445,24.30849838256836
2046.0,24.460397720336914,23.851112365722656,23.029987335205078,NaN,22.147216796875,23.761266708374023,21.577457427978516,22.682212829589844,21.65192413330078,22.851409912109375,21.85551643371582,22.342723846435547,22.713294982910156,23.39812469482422,24.57008934020996,22.61581802368164,24.097848892211914,23.26358985900879,23.411331176757812,23.384077072143555,23.251243591308594,23.335338592529297,23.05961817786807,23.251243591308594,22.61581802368164,23.411331176757812,21.65192413330078,24.460397720336914
2047.0,24.17164421081543,23.185834884643555,23.452558517456055,NaN,23.780193328857422,24.119810104370117,23.185413360595703,24.09761619567871,23.147226333618164,23.248126983642578,23.437278747558594,22.094972610473633,23.891796112060547,22.19437026977539,24.8646297454834,23.119800567626953,23.120216369628906,22.05205535888672,22.029552459716797,23.455198287963867,23.200639724731445,22.209707260131836,23.240887687319802,23.200639724731445,23.119800567626953,23.780193328857422,22.05205535888672,24.17164421081543
2048.0,22.592798233032227,23.565990447998047,24.4827938079834,NaN,22.546768188476562,23.841001510620117,22.141849517822266,24.29848861694336,23.175874710083008,22.583147048950195,23.5765438079834,21.851016998291016,23.320133209228516,24.34035873413086,25.18636703491211,23.325407028198242,23.8297119140625,21.935794830322266,22.619604110717773,22.484519958496094,23.375593185424805,24.210546493530273,23.29925282796224,23.325407028198242,22.583147048950195,23.841001510620117,21.935794830322266,24.4827938079834
2049.0,23.727052688598633,23.344993591308594,23.12256622314453,NaN,22.737689971923828,22.46255111694336,23.318153381347656,23.177364349365234,23.56694984436035,23.914979934692383,24.030027389526367,21.91364288330078,22.5310115814209,23.612442016601562,25.30358123779297,22.92414093017578,24.092439651489258,23.5157527923584,22.010772705078125,23.16994285583496,23.046192169189453,22.9512996673584,23.260645094371977,23.177364349365234,22.92414093017578,23.612442016601562,22.010772705078125,24.092439651489258
2050.0,25.28152847290039,24.403905868530273,24.328521728515625,NaN,22.85586166381836,22.278446197509766,23.806608200073242,23.065940856933594,22.41420555114746,22.434030532836914,23.03645133972168,22.043678283691406,21.99605369567871,23.571308135986328,24.520797729492188,23.54984474182129,22.767118453979492,23.517757415771484,22.674205780029297,23.956953048706055,23.098867416381836,23.832210540771484,23.306395031156995,23.098867416381836,22.674205780029297,23.832210540771484,22.043678283691406,24.520797729492188
2051.0,24.059677124023438,23.487178802490234,23.259891510009766,NaN,23.168827056884766,22.881357192993164,23.582704544067383,24.310068130493164,22.46881103515625,22.742198944091797,23.73543357849121,22.87295913696289,23.218982696533203,23.635337829589844,24.58056640625,23.74304962158203,24.172929763793945,24.26122283935547,23.67287254333496,24.10393524169922,23.701618194580078,23.446353912353516,23.57647505260649,23.635337829589844,23.218982696533203,24.059677124023438,22.742198944091797,24.310068130493164
2052.0,24.24073600769043,23.662689208984375,23.503660202026367,NaN,24.2471981048584,23.113441467285156,21.65845489501953,23.95636749267578,21.94070816040039,22.967554092407227,23.283815383911133,21.74486541748047,22.747217178344727,24.81426429748535,24.448659896850586,23.447425842285156,24.472103118896484,22.32891082763672,23.024707794189453,23.769847869873047,23.771995544433594,23.056310653686523,23.3429015931629,23.447425842285156,22.967554092407227,23.95636749267578,21.74486541748047,24.472103118896484
2053.0,23.659238815307617,24.66747283935547,24.0445613861084,NaN,22.949337005615234,24.051380157470703,23.759265899658203,23.764629364013672,21.906435012817383,22.914907455444336,23.027318954467773,22.076261520385742,23.394092559814453,24.068439483642578,24.74131202697754,23.16757583618164,23.46910285949707,23.394399642944336,22.398269653320312,24.484952926635742,23.514972686767578,24.29267120361328,23.511742728097097,23.514972686767578,23.027318954467773,24.051380157470703,22.076261520385742,24.66747283935547
2054.0,23.565555572509766,23.53973388671875,24.712093353271484,NaN,23.097890853881836,23.01236915588379,23.015344619750977,22.973466873168945,22.080310821533203,22.876220703125,22.553529739379883,22.613319396972656,23.858898162841797,24.558021545410156,24.004959106445312,24.13991355895996,24.065807342529297,22.906597137451172,23.9082088470459,23.792930603027344,23.349395751953125,22.949256896972656,23.40827732994443,23.349395751953125,22.949256896972656,23.9082088470459,22.553529739379883,24.558021545410156
2055.0,22.86219024658203,22.654464721679688,24.346923828125,NaN,23.73593521118164,24.048242568969727,22.887733459472656,23.2073974609375,22.28609848022461,22.83724594116211,22.283998489379883,22.604812622070312,22.519197463989258,24.437816619873047,24.4354248046875,23.14530372619629,24.074617385864258,21.056119918823242,22.519941329956055,22.9193058013916,23.434720993041992,23.48139762878418,23.132328033447266,22.9193058013916,22.604812622070312,23.73593521118164,22.283998489379883,24.4354248046875
2056.0,23.641324996948242,22.7618465423584,24.50746726989746,NaN,24.32999610900879,24.391502380371094,23.43855094909668,23.29308319091797,22.25263214111328,23.005043029785156,23.909578323364258,22.23685073852539,22.88416862487793,23.79447364807129,24.682334899902344,22.568401336669922,23.13626480102539,23.089614868164062,23.851001739501953,23.711620330810547,22.73642349243164,23.645095825195312,23.422251201811292,23.43855094909668,22.88416862487793,23.851001739501953,22.25263214111328,24.50746726989746
2057.0,24.029773712158203,23.749296188354492,25.896039962768555,NaN,24.15458106994629,23.950361251831055,22.93320083618164,24.675283432006836,23.069995880126953,22.958942413330078,23.51011848449707,23.151905059814453,20.09392547607422,24.136770248413086,25.953081130981445,23.78579330444336,23.721586227416992,23.53229522705078,22.089981079101562,24.176280975341797,23.10957908630371,23.749494552612305,23.63944217136928,23.749296188354492,23.10957908630371,24.136770248413086,22.089981079101562,25.896039962768555
2058.0,23.555763244628906,24.514646530151367,23.227272033691406,NaN,23.77082633972168,23.105628967285156,22.644105911254883,24.23630714416504,22.244596481323242,23.410552978515625,23.741857528686523,22.79530906677246,23.191816329956055,23.81678581237793,24.28319549560547,23.938854217529297,22.862754821777344,22.613460540771484,21.251474380493164,24.003694534301758,23.752370834350586,23.94355010986328,23.376420157296316,23.555763244628906,22.862754821777344,23.938854217529297,22.244596481323242,24.28319549560547
2059.0,23.14939308166504,23.6243896484375,23.899967193603516,NaN,23.61496925354004,23.26363182067871,23.394134521484375,23.239999771118164,22.75741958618164,22.71554183959961,23.345571517944336,22.471786499023438,22.432083129882812,24.975082397460938,23.587839126586914,22.819421768188477,23.347640991210938,22.177350997924805,21.844120025634766,23.57447624206543,24.043481826782227,23.132673263549805,23.210046404883975,23.26363182067871,22.75741958618164,23.587839126586914,22.177350997924805,24.043481826782227
2060.0,24.573598861694336,24.444276809692383,23.170976638793945,NaN,23.711544036865234,23.34629249572754,23.615068435668945,23.99312973022461,23.434581756591797,22.612125396728516,23.338882446289062,23.24349594116211,22.845359802246094,23.28461456298828,24.042659759521484,24.572734832763672,23.33120346069336,23.855388641357422,22.855709075927734,22.85264778137207,23.602733612060547,23.751270294189453,23.546585446312314,23.434581756591797,23.24349594116211,23.855388641357422,22.845359802246094,24.572734832763672
2061.0,24.42616081237793,24.325878143310547,23.13271141052246,NaN,24.841400146484375,23.382205963134766,23.051637649536133,23.52248764038086,22.288545608520508,22.583253860473633,23.37032127380371,23.382339477539062,24.602405548095703,22.54489517211914,24.709890365600586,23.304216384887695,24.819337844848633,24.933134078979492,23.826000213623047,23.72395133972168,22.83047866821289,23.64982032775879,23.67862247285389,23.52248764038086,23.13271141052246,24.42616081237793,22.54489517211914,24.841400146484375
2062.0,24.85866928100586,24.56110954284668,24.56502914428711,NaN,24.205076217651367,25.322683334350586,23.36199188232422,22.8472957611084,22.625503540039062,22.707422256469727,24.48445701599121,23.250476837158203,22.690826416015625,23.36693572998047,24.554338455200195,24.502988815307617,24.748186111450195,21.34847068786621,23.234739303588867,24.666057586669922,23.079721450805664,24.004751205444336,23.76127288455055,24.004751205444336,23.079721450805664,24.56110954284668,22.625503540039062,24.85866928100586
2063.0,24.229352951049805,24.649290084838867,24.134878158569336,NaN,24.95245933532715,22.560606002807617,23.595056533813477,24.250802993774414,23.000417709350586,23.4187068939209,23.590307235717773,21.62897300720215,22.52108383178711,23.772380828857422,24.062686920166016,24.493196487426758,23.289220809936523,22.832988739013672,22.783702850341797,24.81578826904297,24.417322158813477,23.460140228271484,23.640922001429967,23.595056533813477,23.000417709350586,24.250802993774414,22.52108383178711,24.81578826904297
2064.0,24.06576919555664,23.530906677246094,24.067899703979492,NaN,23.39779281616211,23.708696365356445,24.81884002685547,22.601308822631836,22.23859214782715,23.140913009643555,22.58099937438965,21.567358016967773,23.938098907470703,24.366262435913086,24.116230010986328,22.88067054748535,23.498329162597656,21.761375427246094,23.232463836669922,24.145362854003906,23.879512786865234,24.014415740966797,23.407228469848633,23.530906677246094,22.88067054748535,24.06576919555664,21.761375427246094,24.366262435913086
2065.0,23.252742767333984,23.877201080322266,23.262569427490234,NaN,23.610681533813477,23.524675369262695,22.845687866210938,23.745403289794922,22.311851501464844,24.163137435913086,22.967262268066406,22.038244247436523,22.09937858581543,24.187824249267578,25.219532012939453,22.86210060119629,23.425739288330078,22.15887451171875,22.620189666748047,23.786977767944336,23.684728622436523,23.600860595703125,23.297412509009952,23.425739288330078,22.845687866210938,23.745403289794922,22.09937858581543,24.187824249267578
2066.0,24.093549728393555,23.135677337646484,24.426532745361328,NaN,23.703989028930664,24.07649040222168,24.06804084777832,23.626108169555664,22.40477180480957,22.92711067199707,22.717283248901367,23.149126052856445,22.461360931396484,23.821300506591797,22.977642059326172,23.18525505065918,24.656145095825195,22.162900924682617,24.670766830444336,24.703968048095703,24.268779754638672,24.212371826171875,23.592817669823056,23.703989028930664,22.977642059326172,24.212371826171875,22.40477180480957,24.670766830444336
2067.0,24.190109252929688,24.991270065307617,23.71967315673828,NaN,23.35000991821289,24.29371452331543,24.64019203186035,24.59966278076172,23.60874366760254,22.909626007080078,23.778566360473633,21.98512840270996,23.46451759338379,23.594593048095703,24.611818313598633,23.767011642456055,23.80660057067871,22.95125389099121,23.18792724609375,23.59854507446289,23.216001510620117,23.8349609375,23.719044094993954,23.71967315673828,23.35000991821289,24.190109252929688,22.909626007080078,24.64019203186035
2068.0,25.035144805908203,23.289331436157227,24.58099937438965,NaN,24.211929321289062,24.000394821166992,23.461179733276367,23.783464431762695,22.21879768371582,22.834108352661133,23.695341110229492,22.134531021118164,23.897306442260742,24.34145736694336,23.316720962524414,22.92475700378418,23.389081954956055,23.043630599975586,21.512697219848633,24.694080352783203,23.41025733947754,24.036001205444336,23.514819644746325,23.461179733276367,23.043630599975586,24.036001205444336,22.134531021118164,24.694080352783203
2069.0,24.084331512451172,23.77237892150879,24.80434799194336,NaN,24.817670822143555,23.761138916015625,25.3994140625,23.855634689331055,22.911779403686523,23.516162872314453,23.66484832763672,21.835798263549805,23.61222267150879,24.194602966308594,24.81321144104004,24.37925148010254,23.445587158203125,23.690467834472656,22.028629302978516,24.11310386657715,24.447837829589844,23.95682716369629,23.862154642740887,23.855634689331055,23.61222267150879,24.37925148010254,22.028629302978516,24.817670822143555
2070.0,24.99529457092285,23.74775505065918,24.554269790649414,NaN,24.940296173095703,23.903175354003906,23.253482818603516,23.097244262695312,22.742422103881836,23.590726852416992,22.769718170166016,22.805397033691406,23.251113891601562,24.68319320678711,25.209903717041016,23.831073760986328,25.13114356994629,23.15985107421875,21.96949577331543,24.27959632873535,24.26129913330078,23.460140228271484,23.792218707856676,23.74775505065918,23.15985107421875,24.554269790649414,22.742422103881836,25.13114356994629
2071.0,24.63551139831543,22.649965286254883,23.84078025817871,NaN,24.229904174804688,24.63176155090332,23.270061492919922,24.119352340698242,22.483566284179688,23.817317962646484,23.101043701171875,21.740053176879883,23.590341567993164,24.343433380126953,24.24298858642578,24.01334571838379,24.745901107788086,22.660795211791992,22.59922218322754,24.345073699951172,23.603710174560547,24.429494857788086,23.671124957856676,23.84078025817871,23.101043701171875,24.343433380126953,22.483566284179688,24.63551139831543
2072.0,23.239973068237305,24.84269142150879,24.13047981262207,NaN,24.590513229370117,23.9228458404541,22.84634017944336,24.762754440307617,22.863386154174805,23.67441749572754,23.942974090576172,22.555564880371094,23.561477661132812,24.298999786376953,23.90990447998047,24.372228622436523,24.702030181884766,22.061941146850586,23.09214973449707,24.612728118896484,23.157445907592773,23.80470085144043,23.759311766851518,23.90990447998047,23.157445907592773,24.372228622436523,22.555564880371094,24.762754440307617
2073.0,25.468896865844727,25.033411026000977,23.17194366455078,NaN,24.91153907775879,23.20479965209961,23.199373245239258,23.537015914916992,23.200910568237305,24.01441764831543,24.090919494628906,22.266456604003906,23.046724319458008,24.873838424682617,23.542621612548828,23.50719451904297,24.056241989135742,23.247241973876953,23.233251571655273,24.240385055541992,23.990625381469727,24.162260055541992,23.809527079264324,23.542621612548828,23.20479965209961,24.162260055541992,23.046724319458008,25.033411026000977
2074.0,24.503089904785156,24.067121505737305,23.98532485961914,NaN,24.006820678710938,23.01899528503418,23.327186584472656,23.225889205932617,21.998170852661133,23.7158145904541,23.21544075012207,23.88211441040039,23.637441635131836,25.653627395629883,25.088943481445312,23.708518981933594,24.371427536010742,21.73241424560547,23.34049415588379,24.062816619873047,25.169464111328125,24.041452407836914,23.797741390409925,23.88211441040039,23.327186584472656,24.067121505737305,21.998170852661133,25.169464111328125
2075.0,23.707279205322266,23.6458683013916,22.925891876220703,NaN,24.50752067565918,23.617759704589844,24.590402603149414,24.47365951538086,23.299531936645508,24.81763458251953,23.699705123901367,22.26940155029297,23.168054580688477,25.244949340820312,24.557147979736328,23.881677627563477,24.38715171813965,22.78095817565918,21.927955627441406,24.193347930908203,23.19829559326172,24.470989227294922,23.779294422694615,23.707279205322266,23.19829559326172,24.47365951538086,22.26940155029297,24.81763458251953
2076.0,23.638553619384766,24.122652053833008,24.473451614379883,NaN,24.16773796081543,24.063236236572266,24.182401657104492,25.247838973999023,23.123126983642578,24.25771141052246,23.33506202697754,22.348114013671875,24.280685424804688,25.27522850036621,24.934934616088867,24.355222702026367,23.919471740722656,23.472890853881836,23.58142852783203,23.285438537597656,23.709806442260742,23.87297248840332,23.98323649451846,24.063236236572266,23.58142852783203,24.280685424804688,23.123126983642578,25.247838973999023
2077.0,24.836196899414062,24.11241912841797,24.21637725830078,NaN,23.88278579711914,24.0134334564209,23.786630630493164,24.228788375854492,21.904348373413086,23.82318878173828,24.553293228149414,22.646297454833984,23.310049057006836,23.789173126220703,25.227663040161133,23.896678924560547,24.366968154907227,23.25819206237793,23.480247497558594,24.04153823852539,23.259187698364258,24.438541412353516,23.8605713617234,23.896678924560547,23.480247497558594,24.228788375854492,22.646297454833984,24.836196899414062
2078.0,24.99216079711914,24.163516998291016,23.613618850708008,NaN,24.29853057861328,25.141380310058594,22.81736183166504,25.400537490844727,21.52637481689453,23.851383209228516,23.39529037475586,23.224624633789062,23.345176696777344,24.825679779052734,25.23649024963379,24.20320701599121,24.114124298095703,22.595531463623047,23.727705001831055,24.8472843170166,23.61773681640625,24.23822784423828,23.960759208315896,24.114124298095703,23.39529037475586,24.825679779052734,22.595531463623047,25.23649024963379
2079.0,23.83778953552246,24.083904266357422,24.882667541503906,NaN,23.820505142211914,24.58650779724121,22.513254165649414,24.34300422668457,23.011865615844727,23.099084854125977,22.760631561279297,22.957277297973633,22.80461883544922,25.266250610351562,24.625457763671875,23.975706100463867,23.89743995666504,23.174219131469727,23.635950088500977,24.800203323364258,23.52146339416504,23.745378494262695,23.778246652512323,23.820505142211914,23.099084854125977,24.34300422668457,22.760631561279297,24.882667541503906
2080.0,25.19481086730957,24.504281997680664,24.34016990661621,NaN,24.08567237854004,24.37656593322754,24.510122299194336,23.774717330932617,23.22381019592285,23.325361251831055,23.55898094177246,22.67930030822754,24.11039924621582,24.724302291870117,24.79960060119629,24.33879280090332,24.019800186157227,23.217912673950195,24.010332107543945,23.80405044555664,23.95322036743164,23.871400833129883,24.020171665009997,24.019800186157227,23.774717330932617,24.37656593322754,23.217912673950195,24.79960060119629
2081.0,24.521385192871094,24.408733367919922,24.31045913696289,NaN,23.354188919067383,24.718551635742188,23.451824188232422,23.962718963623047,23.77027702331543,24.960939407348633,23.81464385986328,23.537071228027344,23.50556755065918,24.81414222717285,24.683395385742188,23.362548828125,24.330677032470703,23.812833786010742,22.798391342163086,23.590660095214844,24.510873794555664,23.59153175354004,23.99101974850609,23.81464385986328,23.537071228027344,24.510873794555664,23.354188919067383,24.81414222717285
2082.0,25.36277198791504,24.45600128173828,24.274253845214844,NaN,25.91719627380371,24.149518966674805,23.951581954956055,23.446401596069336,21.892375946044922,24.427295684814453,23.637733459472656,23.200162887573242,24.459131240844727,25.129310607910156,24.452821731567383,24.125743865966797,24.84136390686035,22.121061325073242,22.72014045715332,23.774044036865234,23.760143280029297,24.818744659423828,24.043704714093888,24.149518966674805,23.637733459472656,24.459131240844727,22.121061325073242,25.36277198791504
2083.0,24.403413772583008,25.503070831298828,23.5755672454834,NaN,24.908931732177734,23.63429832458496,23.5003662109375,25.050952911376953,22.15328025817871,23.983871459960938,22.95539665222168,22.48505401611328,24.800201416015625,25.348665237426758,24.876331329345703,24.50193214416504,23.80568504333496,23.175416946411133,21.99736976623535,22.857547760009766,24.145469665527344,24.151418685913086,23.8959162575858,23.983871459960938,23.175416946411133,24.800201416015625,22.15328025817871,25.348665237426758
2084.0,25.044633865356445,24.342493057250977,23.393150329589844,NaN,24.496871948242188,24.542205810546875,23.908483505249023,23.923559188842773,22.616857528686523,23.873573303222656,23.366901397705078,22.569480895996094,23.263214111328125,24.398672103881836,25.28988265991211,24.8876953125,24.955425262451172,24.02481460571289,22.709989547729492,23.722301483154297,24.03862190246582,24.03619956970215,23.971667970929825,24.02481460571289,23.393150329589844,24.496871948242188,22.616857528686523,25.044633865356445
2085.0,23.71553611755371,25.101560592651367,23.729000091552734,NaN,24.70805549621582,24.59052276611328,25.11603355407715,24.214359283447266,22.57027816772461,23.418973922729492,23.647233963012695,22.62139892578125,23.630117416381836,24.849111557006836,25.25461196899414,24.275869369506836,24.32840919494629,24.93920135498047,23.414905548095703,24.419471740722656,23.608762741088867,24.355945587158203,24.11949330284482,24.275869369506836,23.630117416381836,24.70805549621582,22.62139892578125,25.11603355407715
2086.0,23.855785369873047,24.477285385131836,24.236427307128906,NaN,24.69536781311035,24.30533790588379,23.02569007873535,24.433542251586914,22.554170608520508,23.93617057800293,23.210750579833984,22.13047218322754,23.291582107543945,24.925556182861328,24.168424606323242,22.92247200012207,23.60968589782715,24.444955825805664,23.751726150512695,23.710800170898438,24.258071899414062,23.586881637573242,23.78719793047224,23.855785369873047,23.291582107543945,24.30533790588379,22.554170608520508,24.69536781311035
2087.0,24.756052017211914,24.477487564086914,24.84161949157715,NaN,24.79417610168457,24.407819747924805,23.104034423828125,25.339916229248047,23.236549377441406,23.866117477416992,22.97393035888672,22.688013076782227,23.806854248046875,24.989900588989258,24.188501358032227,24.291385650634766,24.07108497619629,23.381458282470703,22.77693748474121,24.001449584960938,24.238157272338867,24.562240600585938,24.037794567289808,24.188501358032227,23.381458282470703,24.562240600585938,22.77693748474121,24.989900588989258
2088.0,23.44839096069336,25.52294158935547,25.311311721801758,NaN,24.998870849609375,24.56308937072754,22.47018051147461,25.206825256347656,22.920856475830078,23.174745559692383,23.860998153686523,22.694183349609375,22.927608489990234,25.233379364013672,24.705053329467773,23.298585891723633,24.907241821289062,23.469070434570312,23.26127052307129,23.847959518432617,24.993515014648438,24.26629066467285,24.05154137384324,23.860998153686523,23.26127052307129,24.993515014648438,22.694183349609375,25.311311721801758
2089.0,23.797916412353516,24.19850730895996,25.666088104248047,NaN,25.14777374267578,23.831817626953125,24.227909088134766,22.99353790283203,23.054773330688477,23.49456024169922,24.39480972290039,22.524168014526367,23.23740005493164,25.04068374633789,24.41349220275879,24.146066665649414,23.04865074157715,24.201921463012695,22.793920516967773,23.623676300048828,24.064983367919922,24.16141700744629,23.907813026791526,24.064983367919922,23.23740005493164,24.227909088134766,22.793920516967773,25.14777374267578
2090.0,25.099132537841797,24.244239807128906,25.132373809814453,NaN,25.326881408691406,25.103483200073242,24.600505828857422,22.99365997314453,23.142078399658203,23.13739776611328,23.96879768371582,22.617372512817383,24.189128875732422,24.65439224243164,25.525819778442383,24.627273559570312,23.287076950073242,24.07417869567871,24.09539794921875,24.784273147583008,23.55084800720215,24.651185989379883,24.228833243960427,24.244239807128906,23.55084800720215,24.784273147583008,22.99365997314453,25.326881408691406
2091.0,24.34469985961914,24.75140380859375,23.76430320739746,NaN,26.263540267944336,24.751766204833984,23.654993057250977,24.1347599029541,23.924354553222656,24.09325408935547,23.457862854003906,22.5429630279541,24.478330612182617,24.455934524536133,25.088869094848633,24.412134170532227,24.762849807739258,23.35711097717285,23.387392044067383,24.393169403076172,24.435108184814453,24.62859344482422,24.242066337948753,24.393169403076172,23.76430320739746,24.62859344482422,23.35711097717285,25.088869094848633
2092.0,24.84453773498535,23.642805099487305,24.61594581604004,NaN,24.54810905456543,24.460830688476562,23.928956985473633,23.699438095092773,22.659339904785156,23.627883911132812,24.984668731689453,22.56981658935547,23.40761947631836,23.72502899169922,24.70572280883789,24.302627563476562,25.13037872314453,24.285036087036133,22.614450454711914,24.647382736206055,24.108047485351562,23.860143661499023,24.017560504731676,24.108047485351562,23.642805099487305,24.61594581604004,22.614450454711914,24.984668731689453
2093.0,24.01950454711914,25.337051391601562,25.10736846923828,NaN,25.16473960876465,23.572935104370117,24.504512786865234,24.564498901367188,23.056886672973633,23.57817840576172,23.776952743530273,22.954647064208984,24.356061935424805,24.540889739990234,24.648969650268555,24.24321937561035,25.592500686645508,22.69736671447754,22.371353149414062,23.950342178344727,24.402463912963867,23.87090301513672,24.110064097813197,24.24321937561035,23.57817840576172,24.564498901367188,22.69736671447754,25.337051391601562
2094.0,24.68753433227539,24.980749130249023,24.335540771484375,NaN,25.973779678344727,24.65985679626465,25.951377868652344,25.34113121032715,23.03030014038086,24.383302688598633,23.49992561340332,22.089513778686523,23.90300750732422,24.181150436401367,25.660728454589844,24.108253479003906,24.5672550201416,22.91461181640625,22.748720169067383,22.908201217651367,24.58991813659668,24.293991088867188,24.228992825462704,24.335540771484375,23.49992561340332,24.68753433227539,22.748720169067383,25.951377868652344
2095.0,24.11096954345703,24.488811492919922,23.970539093017578,NaN,24.8343563079834,23.93613052368164,24.84410285949707,23.626646041870117,23.295610427856445,24.498910903930664,24.159618377685547,21.986478805541992,23.563936233520508,24.812910079956055,24.04518699645996,24.437252044677734,23.65979766845703,23.02921485900879,22.534212112426758,24.65951156616211,24.69016456604004,23.74794578552246,23.949157442365372,24.04518699645996,23.626646041870117,24.498910903930664,22.534212112426758,24.8343563079834
2096.0,23.893827438354492,23.630285263061523,24.694494247436523,NaN,25.595598220825195,23.678367614746094,23.964990615844727,23.953956604003906,22.75199317932129,23.37036895751953,24.159631729125977,22.23524284362793,22.891786575317383,24.224214553833008,24.4033145904541,24.919233322143555,26.1978816986084,23.575918197631836,23.965539932250977,23.81734848022461,23.19384002685547,23.150955200195312,23.917561394827707,23.893827438354492,23.37036895751953,24.224214553833008,22.75199317932129,25.595598220825195
2097.0,25.353973388671875,24.560020446777344,25.049732208251953,NaN,24.300308227539062,23.95701789855957,24.80318832397461,24.71390151977539,22.80240821838379,24.265544891357422,23.535261154174805,22.791276931762695,23.58523941040039,25.51981544494629,25.394359588623047,23.909133911132812,23.20353889465332,22.993661880493164,22.824941635131836,23.769989013671875,23.63610076904297,24.992834091186523,24.093440373738606,23.95701789855957,23.535261154174805,24.80318832397461,22.80240821838379,25.394359588623047
2098.0,24.439830780029297,23.254291534423828,25.241697311401367,NaN,24.931095123291016,24.693378448486328,23.446422576904297,24.859567642211914,24.49085235595703,25.21001625061035,23.000925064086914,22.540231704711914,24.267398834228516,24.92226219177246,26.162981033325195,24.522951126098633,23.94883918762207,24.83392333984375,23.778919219970703,23.957597732543945,24.67084503173828,24.440597534179688,24.362601143973215,24.49085235595703,23.94883918762207,24.859567642211914,23.000925064086914,25.241697311401367
2099.0,24.36787223815918,25.231019973754883,24.732114791870117,NaN,25.316652297973633,24.478635787963867,23.81542205810547,24.516738891601562,22.874128341674805,24.40545082092285,24.365196228027344,23.500333786010742,23.633390426635742,25.732667922973633,24.75238800048828,24.393808364868164,23.153398513793945,24.709880828857422,23.395708084106445,24.205110549926758,24.402454376220703,24.379615783691406,24.30295181274414,24.393808364868164,23.81542205810547,24.709880828857422,23.153398513793945,25.316652297973633
2100.0,23.803743362426758,25.08319854736328,24.14297866821289,NaN,25.52701187133789,24.16893196105957,23.85610580444336,24.46929359436035,24.45150375366211,24.28325080871582,23.398094177246094,22.121294021606445,24.188262939453125,24.602062225341797,25.479291915893555,24.134387969970703,24.60883140563965,24.471586227416992,22.680604934692383,25.02216911315918,24.10308837890625,25.11287498474121,24.271836507888068,24.28325080871582,24.10308837890625,24.60883140563965,22.680604934692383,25.479291915893555
