years,ACCESS-CM2,ACCESS-ESM1-5,BCC-CSM2-MR,CESM2,CMCC-ESM2,CNRM-CM6-1,CNRM-ESM2-1,EC-Earth3,FGOALS-g3,GFDL-ESM4,GISS-E2-1-G,INM-CM4-8,INM-CM5-0,IPSL-CM6A-LR,KACE-1-0-G,MIROC6,MIROC-ES2L,MPI-ESM1-2-HR,MPI-ESM1-2-LR,MRI-ESM2-0,NorESM2-LM,NorESM2-MM,mme-mean,mme-median,mme-pct25,mme-pct75
1950.0,25.6715087890625,24.859161376953125,26.103973388671875,nan,24.386871337890625,29.37664794921875,27.177169799804688,23.512725830078125,23.579864501953125,22.3494873046875,22.54278564453125,21.72833251953125,24.3187255859375,25.45269775390625,24.5135498046875,22.77008056640625,24.437103271484375,22.748870849609375,24.07965087890625,25.846099853515625,18.690948486328125,23.71441650390625,24.183841523670015,24.3187255859375,22.77008056640625,25.45269775390625
1951.0,21.01129150390625,21.954864501953125,24.58319091796875,nan,28.672210693359375,23.073272705078125,25.048492431640625,30.0902099609375,30.285125732421875,26.121795654296875,25.90106201171875,24.057586669921875,22.770721435546875,21.794158935546875,25.799285888671875,23.35748291015625,21.481658935546875,23.683135986328125,22.13031005859375,29.620513916015625,25.765228271484375,25.545196533203125,24.892704554966517,24.58319091796875,22.770721435546875,25.90106201171875
1952.0,19.92681884765625,24.78607177734375,26.2808837890625,nan,27.36798095703125,27.36981201171875,24.8052978515625,24.231964111328125,23.883056640625,26.471282958984375,29.043426513671875,22.6561279296875,25.6065673828125,28.41705322265625,28.340728759765625,23.01373291015625,21.7552490234375,26.0416259765625,26.802581787109375,26.142364501953125,27.1544189453125,26.100921630859375,25.533236549014138,26.100921630859375,24.231964111328125,27.1544189453125
1953.0,21.494964599609375,28.279144287109375,29.2213134765625,nan,24.3824462890625,25.959930419921875,27.413818359375,25.509674072265625,21.730804443359375,26.549072265625,21.97943115234375,26.3990478515625,21.235015869140625,25.165802001953125,22.1517333984375,29.710296630859375,21.16290283203125,24.7130126953125,23.939849853515625,25.853851318359375,26.09197998046875,26.49676513671875,25.020993187313987,25.509674072265625,22.1517333984375,26.49676513671875
1954.0,23.866180419921875,28.11376953125,28.283905029296875,nan,30.258148193359375,25.449920654296875,29.909332275390625,26.2740478515625,29.7130126953125,26.13128662109375,28.28741455078125,22.9132080078125,22.566314697265625,24.087066650390625,23.036346435546875,26.594512939453125,23.33758544921875,23.851531982421875,22.885162353515625,26.238983154296875,27.02374267578125,28.811370849609375,26.077754429408483,26.238983154296875,23.851531982421875,28.283905029296875
1955.0,26.235626220703125,23.483367919921875,26.596527099609375,nan,29.506744384765625,29.2081298828125,24.079559326171875,26.21466064453125,28.518524169921875,21.101776123046875,22.361785888671875,21.8836669921875,21.660125732421875,25.9490966796875,24.308990478515625,23.720062255859375,20.30780029296875,26.056549072265625,28.845611572265625,23.912384033203125,22.064910888671875,27.407196044921875,24.924909319196427,24.308990478515625,22.361785888671875,26.596527099609375
1956.0,26.19775390625,27.027496337890625,27.51141357421875,nan,29.811248779296875,22.714508056640625,23.303436279296875,24.357879638671875,21.549468994140625,25.767913818359375,24.51025390625,23.15289306640625,28.7462158203125,25.87994384765625,29.440185546875,20.93505859375,19.975372314453125,27.23187255859375,26.074798583984375,25.648040771484375,23.072784423828125,23.190704345703125,25.052344912574405,25.648040771484375,23.15289306640625,27.027496337890625
1957.0,26.329193115234375,28.75616455078125,29.773345947265625,nan,27.002166748046875,29.201202392578125,28.530059814453125,29.660858154296875,25.2655029296875,28.13311767578125,23.1280517578125,27.9910888671875,22.333404541015625,22.534027099609375,23.18505859375,21.6845703125,21.04547119140625,26.002685546875,26.908447265625,26.4931640625,25.52685546875,29.982666015625,26.16510009765625,26.4931640625,23.18505859375,28.530059814453125
1958.0,25.1435546875,25.446075439453125,23.29693603515625,nan,24.8603515625,23.749298095703125,28.935821533203125,26.001953125,28.378646850585938,25.08013916015625,25.94012451171875,25.796112060546875,28.131683349609375,24.544921875,29.616241455078125,23.592803955078125,20.890625,28.99005126953125,22.793609619140625,22.5501708984375,24.68255615234375,26.24609375,25.460370018368675,25.1435546875,23.749298095703125,26.24609375
1959.0,21.655242919921875,27.064208984375,30.412109375,nan,24.855682373046875,22.60662841796875,26.181365966796875,23.232879638671875,25.648162841796875,23.88323974609375,25.349822998046875,21.608245849609375,21.30859375,24.651885986328125,25.494964599609375,25.941864013671875,20.350433349609375,26.766632080078125,24.432891845703125,24.643646240234375,21.334930419921875,24.98638916015625,24.400467645554315,24.651885986328125,22.60662841796875,25.648162841796875
1960.0,28.065216064453125,26.119720458984375,25.81298828125,nan,26.556396484375,25.1689453125,26.6361083984375,28.355133056640625,22.15032958984375,26.83416748046875,27.7999267578125,22.2117919921875,22.071380615234375,24.343048095703125,20.9737548828125,24.38958740234375,23.32208251953125,27.406341552734375,24.209564208984375,25.7205810546875,24.7099609375,22.122894287109375,24.999043782552082,25.1689453125,23.32208251953125,26.6361083984375
1961.0,28.954986572265625,25.555145263671875,22.48529052734375,nan,25.976898193359375,21.7578125,25.483642578125,25.497802734375,25.172119140625,28.189056396484375,23.04388427734375,22.3126220703125,26.1260986328125,24.306610107421875,29.168609619140625,24.83892822265625,25.546844482421875,23.75341796875,22.5958251953125,27.663787841796875,25.554656982421875,29.145477294921875,25.387119838169642,25.497802734375,23.75341796875,26.1260986328125
1962.0,26.123443603515625,23.02154541015625,22.77874755859375,nan,26.849151611328125,28.48919677734375,27.296142578125,27.166229248046875,24.408050537109375,26.1002197265625,25.121124267578125,21.99432373046875,26.129058837890625,27.467132568359375,27.411407470703125,25.135467529296875,25.853240966796875,22.658843994140625,27.96600341796875,24.830902099609375,20.416534423828125,30.821136474609375,25.620852515811013,26.1002197265625,24.408050537109375,27.296142578125
1963.0,28.422119140625,25.7493896484375,33.874755859375,nan,22.229522705078125,28.930511474609375,24.110626220703125,27.50689697265625,21.42138671875,24.55865478515625,24.016448974609375,20.75811767578125,25.577484130859375,19.812774658203125,25.34661865234375,23.472503662109375,24.9803466796875,28.319671630859375,23.09039306640625,30.932861328125,23.51971435546875,25.327789306640625,25.331361316499255,24.9803466796875,23.472503662109375,27.50689697265625
1964.0,21.647491455078125,23.903411865234375,25.181732177734375,nan,27.443023681640625,20.194488525390625,22.2569580078125,25.629547119140625,23.0218505859375,25.720367431640625,27.33697509765625,25.543182373046875,25.13494873046875,21.169036865234375,24.57928466796875,23.515899658203125,23.183746337890625,30.8228759765625,25.696868896484375,23.45458984375,21.87310791015625,27.299774169921875,24.505198160807293,24.57928466796875,23.0218505859375,25.696868896484375
1965.0,25.0396728515625,26.7550048828125,24.636276245117188,nan,32.02264404296875,29.1728515625,23.174041748046875,25.393890380859375,29.482208251953125,28.661834716796875,22.938140869140625,25.187103271484375,23.004608154296875,21.69281005859375,22.159088134765625,22.564056396484375,23.624786376953125,23.82415771484375,25.72149658203125,24.48443603515625,24.56854248046875,23.31817626953125,25.115515572684153,24.56854248046875,23.174041748046875,25.72149658203125
1966.0,24.376983642578125,25.420989990234375,27.035888671875,nan,24.763763427734375,24.342132568359375,21.761077880859375,27.237579345703125,20.096832275390625,21.29888916015625,27.477386474609375,22.08673095703125,25.28131103515625,25.279571533203125,23.9432373046875,28.520782470703125,24.7218017578125,23.996246337890625,26.088836669921875,30.086029052734375,21.312957763671875,25.433349609375,24.788684663318453,24.763763427734375,23.9432373046875,26.088836669921875
1967.0,23.852996826171875,22.44891357421875,27.162841796875,nan,29.901397705078125,25.072540283203125,23.9315185546875,25.0792236328125,21.744232177734375,23.725067138671875,29.285797119140625,19.192169189453125,23.368255615234375,26.035919189453125,29.046157836914062,29.160888671875,22.2451171875,24.988616943359375,22.17449951171875,27.619537353515625,22.12823486328125,25.91455078125,24.95611790248326,24.988616943359375,22.44891357421875,27.162841796875
1968.0,22.84039306640625,26.960968017578125,25.9853515625,nan,30.19921875,25.268707275390625,24.986328125,24.107177734375,30.097381591796875,25.615997314453125,25.562164306640625,22.351898193359375,26.1866455078125,25.75408935546875,23.271759033203125,21.67352294921875,25.462921142578125,27.60418701171875,22.977386474609375,31.020751953125,24.7301025390625,27.5418701171875,25.723753429594495,25.562164306640625,24.107177734375,26.960968017578125
1969.0,20.674468994140625,22.477447509765625,23.692901611328125,nan,22.336212158203125,23.00030517578125,24.385223388671875,29.59686279296875,23.918792724609375,30.08746337890625,25.102569580078125,25.710693359375,28.66204833984375,26.025054931640625,26.474639892578125,23.316009521484375,22.659576416015625,26.5899658203125,25.14910888671875,23.18463134765625,26.006378173828125,24.631256103515625,24.93721952892485,24.631256103515625,23.18463134765625,26.025054931640625
1970.0,22.271331787109375,25.707611083984375,29.241607666015625,nan,26.72381591796875,27.163177490234375,23.571380615234375,25.235015869140625,27.580322265625,25.35516357421875,24.116119384765625,23.6903076171875,28.317901611328125,22.0938720703125,22.33306884765625,22.745330810546875,27.273529052734375,25.015472412109375,26.771697998046875,25.049285888671875,20.221832275390625,26.184112548828125,25.07914079938616,25.235015869140625,23.571380615234375,26.771697998046875
1971.0,22.29827880859375,28.647705078125,24.328826904296875,nan,29.181182861328125,24.291290283203125,24.094329833984375,26.6263427734375,26.7923583984375,25.672698974609375,28.833282470703125,24.53717041015625,21.666778564453125,24.542510986328125,28.169830322265625,28.435211181640625,20.68212890625,22.931640625,23.50091552734375,23.495941162109375,27.273895263671875,34.59521484375,25.742739722842263,24.542510986328125,23.50091552734375,28.169830322265625
1972.0,21.921356201171875,27.00927734375,27.109832763671875,nan,28.196624755859375,24.989532470703125,23.4388427734375,25.454803466796875,21.242156982421875,21.91754150390625,22.526763916015625,25.129302978515625,25.02691650390625,21.5731201171875,29.251556396484375,26.659759521484375,24.922393798828125,29.150115966796875,24.14056396484375,26.892547607421875,23.724578857421875,26.983642578125,25.107677641369047,25.02691650390625,23.4388427734375,26.983642578125
1973.0,26.532562255859375,23.754852294921875,30.977325439453125,nan,30.743255615234375,26.4805908203125,24.0904541015625,28.142745971679688,25.76202392578125,25.99847412109375,20.101409912109375,24.334762573242188,24.524169921875,21.185760498046875,23.686126708984375,28.5635986328125,22.513916015625,23.864898681640625,22.98486328125,26.486328125,23.785919189453125,29.649749755859375,25.436370849609375,24.524169921875,23.754852294921875,26.532562255859375
1974.0,24.857818603515625,24.74456787109375,30.341690063476562,nan,26.58056640625,25.88018798828125,22.7174072265625,23.5091552734375,23.96026611328125,23.63201904296875,27.36419677734375,23.299224853515625,21.98736572265625,20.485626220703125,22.68096923828125,27.931365966796875,26.96783447265625,27.31500244140625,24.59918212890625,24.292266845703125,28.165191650390625,28.543975830078125,25.231232416062127,24.74456787109375,23.5091552734375,27.31500244140625
1975.0,28.92626953125,24.819183349609375,25.9775390625,nan,25.86895751953125,28.933258056640625,23.07989501953125,26.3126220703125,22.529205322265625,29.000457763671875,22.697540283203125,20.868560791015625,24.641082763671875,22.931304931640625,23.92291259765625,22.9212646484375,20.54974365234375,28.202056884765625,25.1083984375,24.342010498046875,20.806427001953125,22.489837646484375,24.520406087239582,24.342010498046875,22.697540283203125,25.9775390625
1976.0,20.95892333984375,23.699493408203125,30.085540771484375,nan,28.2919921875,25.127838134765625,27.0118408203125,24.63214111328125,23.010711669921875,25.0806884765625,22.346771240234375,28.203155517578125,22.91455078125,21.837554931640625,26.08135986328125,27.156829833984375,20.7830810546875,23.486236572265625,21.78216552734375,28.873443603515625,28.228363037109375,27.21826171875,25.08623540969122,25.0806884765625,22.91455078125,27.21826171875
1977.0,20.721099853515625,29.504150390625,27.8106689453125,nan,30.725677490234375,22.918243408203125,30.231109619140625,23.08660888671875,22.49603271484375,24.988739013671875,19.68212890625,21.901153564453125,24.296157836914062,26.853179931640625,21.8814697265625,26.046234130859375,21.265899658203125,25.418487548828125,25.002349853515625,24.679229736328125,21.685272216796875,32.162841796875,24.921749296642485,24.679229736328125,21.901153564453125,26.853179931640625
1978.0,21.622039794921875,22.270843505859375,30.691741943359375,nan,24.74114990234375,25.39617919921875,28.177703857421875,23.907470703125,21.711639404296875,26.266021728515625,22.00775146484375,26.799041748046875,25.877685546875,23.109100341796875,25.4781494140625,23.576568603515625,24.538116455078125,24.048309326171875,23.726654052734375,25.680206298828125,22.0203857421875,25.287109375,24.61589849562872,24.538116455078125,23.109100341796875,25.680206298828125
1979.0,28.861297607421875,28.24835205078125,21.649200439453125,nan,26.0042724609375,23.163818359375,26.021240234375,25.3321533203125,22.77374267578125,25.7337646484375,21.626983642578125,25.090484619140625,26.1373291015625,22.027130126953125,25.6658935546875,25.304351806640625,23.04840087890625,28.183319091796875,24.934356689453125,26.64617919921875,26.350982666015625,25.087066650390625,25.13763427734375,25.3321533203125,23.163818359375,26.1373291015625
1980.0,21.9532470703125,25.54058837890625,23.1612548828125,nan,26.049072265625,29.791717529296875,28.949249267578125,24.642913818359375,24.3458251953125,25.289306640625,24.013397216796875,28.307586669921875,19.37188720703125,21.503448486328125,23.087799072265625,25.6475830078125,24.4410400390625,24.41168212890625,27.65069580078125,25.873809814453125,25.6998291015625,25.46685791015625,25.009466262090776,25.289306640625,24.013397216796875,25.873809814453125
1981.0,29.400543212890625,21.56524658203125,29.823822021484375,nan,23.361328125,27.524993896484375,26.40313720703125,26.0576171875,27.691375732421875,29.872161865234375,26.45037841796875,27.145111083984375,21.554229736328125,23.86993408203125,23.355010986328125,23.41741943359375,22.823760986328125,23.834228515625,26.64617919921875,30.38360595703125,21.9481201171875,24.029815673828125,25.578953334263392,26.0576171875,23.361328125,27.524993896484375
1982.0,24.02923583984375,24.633087158203125,26.442291259765625,nan,29.5672607421875,26.62738037109375,28.56402587890625,27.766204833984375,27.66937255859375,20.66448974609375,22.85345458984375,21.301971435546875,23.654205322265625,24.43829345703125,20.136962890625,24.094635009765625,20.503997802734375,22.988189697265625,22.410125732421875,25.297607421875,20.6929931640625,26.69171142578125,24.334642682756698,24.094635009765625,22.410125732421875,26.62738037109375
1983.0,26.279693603515625,29.438201904296875,23.606719970703125,nan,23.890045166015625,24.54974365234375,24.159332275390625,23.451690673828125,25.7734375,28.5062255859375,23.545196533203125,24.946563720703125,22.28082275390625,22.980926513671875,25.77032470703125,24.59405517578125,27.4661865234375,26.35760498046875,24.046173095703125,23.704193115234375,20.992279052734375,31.44122314453125,25.132411411830358,24.54974365234375,23.606719970703125,26.279693603515625
1984.0,21.450836181640625,23.401519775390625,24.38824462890625,nan,25.04461669921875,29.21356201171875,24.38604736328125,24.115219116210938,26.658203125,24.19232177734375,27.534210205078125,22.118743896484375,29.933685302734375,23.131011962890625,22.69488525390625,25.8804931640625,25.263824462890625,30.69342041015625,23.36773681640625,23.22039794921875,23.64617919921875,27.597976684570312,25.1396731422061,24.38604736328125,23.36773681640625,26.658203125
1985.0,21.5350341796875,26.886199951171875,26.375335693359375,nan,29.125732421875,24.9683837890625,23.284912109375,24.50787353515625,21.612823486328125,24.50128173828125,23.011810302734375,20.6798095703125,23.17010498046875,22.305267333984375,28.88580322265625,26.43597412109375,24.232208251953125,20.3233642578125,23.510040283203125,26.99481201171875,25.6375732421875,26.767913818359375,24.512012300037203,24.50128173828125,23.011810302734375,26.43597412109375
1986.0,24.70989990234375,21.48370361328125,27.83306884765625,nan,28.325897216796875,27.7835693359375,27.841766357421875,23.785919189453125,20.45355224609375,28.5821533203125,23.521270751953125,24.53533935546875,22.304046630859375,21.029327392578125,21.3941650390625,29.74664306640625,21.32281494140625,23.770050048828125,22.13739013671875,23.739959716796875,19.66278076171875,25.338531494140625,24.252469017392112,23.770050048828125,21.48370361328125,27.7835693359375
1987.0,26.235626220703125,24.300048828125,23.54644775390625,nan,22.4439697265625,23.813751220703125,26.140289306640625,31.456146240234375,24.98797607421875,25.432464599609375,25.290313720703125,28.000274658203125,27.85498046875,20.629608154296875,21.869415283203125,21.7864990234375,23.7396240234375,22.79669189453125,21.669281005859375,27.890625,24.545135498046875,30.42169189453125,24.99289812360491,24.545135498046875,22.79669189453125,26.235626220703125
1988.0,26.501861572265625,24.01324462890625,24.2095947265625,nan,27.19287109375,27.50885009765625,22.990386962890625,26.579193115234375,25.292633056640625,24.720977783203125,22.989776611328125,27.0260009765625,26.31353759765625,24.2532958984375,22.555023193359375,25.997802734375,21.96929931640625,22.375579833984375,27.001434326171875,22.75128173828125,21.72540283203125,28.108062744140625,24.860767182849703,24.720977783203125,22.989776611328125,26.579193115234375
1989.0,25.632843017578125,25.398284912109375,24.2645263671875,nan,24.192779541015625,27.250518798828125,23.726104736328125,29.77801513671875,27.542083740234375,27.770538330078125,24.12530517578125,28.0406494140625,26.521636962890625,21.98480224609375,25.625152587890625,25.392059326171875,26.007965087890625,23.711517333984375,29.962554931640625,21.7601318359375,20.56414794921875,29.4774169921875,25.653763543991815,25.625152587890625,24.12530517578125,27.542083740234375
1990.0,22.852462768554688,27.34478759765625,26.57330322265625,nan,29.028289794921875,25.94921875,27.55352783203125,24.022430419921875,24.924713134765625,23.136474609375,23.5296630859375,21.83966064453125,21.975677490234375,22.905609130859375,21.19415283203125,26.513702392578125,25.47998046875,26.026519775390625,23.318023681640625,24.66436767578125,24.334197998046875,22.834197998046875,24.57147434779576,24.334197998046875,22.905609130859375,26.026519775390625
1991.0,22.500640869140625,23.863189697265625,27.22406005859375,nan,24.73992919921875,26.949981689453125,23.78497314453125,23.954803466796875,23.52783203125,22.890960693359375,24.558837890625,22.357147216796875,21.5899658203125,27.598114013671875,23.8955078125,27.053955078125,23.784454345703125,23.39862060546875,24.22808837890625,22.641998291015625,21.72509765625,24.33331298828125,24.12387956891741,23.863189697265625,22.890960693359375,24.558837890625
1992.0,23.532257080078125,24.588348388671875,24.057952880859375,nan,30.392822265625,24.2415771484375,24.09881591796875,26.151275634765625,23.831298828125,25.11126708984375,29.00384521484375,22.9105224609375,23.1273193359375,19.932769775390625,24.347747802734375,23.114990234375,21.14105224609375,28.7958984375,22.076446533203125,24.32476806640625,20.48883056640625,27.082672119140625,24.39773704892113,24.09881591796875,23.114990234375,25.11126708984375
1993.0,24.91363525390625,26.61895751953125,25.4559326171875,nan,23.768585205078125,25.13311767578125,23.07537841796875,20.603240966796875,23.7642822265625,24.828155517578125,27.77294921875,23.53082275390625,24.778564453125,26.6153564453125,21.838043212890625,22.43463134765625,21.12835693359375,26.846893310546875,28.541473388671875,23.100738525390625,23.825469970703125,25.288665771484375,24.469678606305802,24.778564453125,23.100738525390625,25.4559326171875
1994.0,22.52984619140625,23.33587646484375,24.611724853515625,nan,27.051513671875,23.939483642578125,24.4078369140625,23.633819580078125,20.85687255859375,28.4844970703125,23.95867919921875,27.569732666015625,22.445098876953125,19.938934326171875,23.659942626953125,32.169952392578125,23.00299072265625,21.544097900390625,25.281982421875,22.77862548828125,25.5064697265625,30.228378295898438,24.616016932896205,23.939483642578125,22.77862548828125,25.5064697265625
1995.0,26.70587158203125,27.034881591796875,23.4805908203125,nan,32.201080322265625,22.1964111328125,29.332855224609375,21.2657470703125,29.028656005859375,24.0565185546875,23.730743408203125,21.617767333984375,23.336212158203125,26.649078369140625,23.2462158203125,26.108612060546875,22.822540283203125,22.985748291015625,27.28704833984375,26.276702880859375,27.8189697265625,24.799072265625,25.33244396391369,24.799072265625,23.2462158203125,27.034881591796875
1996.0,24.29547119140625,25.32171630859375,27.703887939453125,nan,26.69256591796875,23.969573974609375,21.91363525390625,25.300018310546875,28.845123291015625,23.591888427734375,27.125518798828125,23.041778564453125,19.93548583984375,27.8165283203125,29.102630615234375,26.8970947265625,20.93316650390625,22.259918212890625,24.686676025390625,30.24224853515625,22.393951416015625,26.680328369140625,25.178533644903276,25.300018310546875,23.041778564453125,27.125518798828125
1997.0,23.0369873046875,23.801513671875,25.246185302734375,nan,23.043487548828125,21.923614501953125,24.0096435546875,22.507843017578125,22.89306640625,24.15582275390625,28.6502685546875,29.268524169921875,20.936920166015625,23.666900634765625,25.329559326171875,27.72723388671875,21.0908203125,24.352630615234375,19.584564208984375,25.96356201171875,24.307952880859375,23.721832275390625,24.05804443359375,23.801513671875,22.89306640625,25.246185302734375
1998.0,24.53204345703125,24.1357421875,30.625335693359375,nan,24.749603271484375,29.674560546875,29.39862060546875,27.669036865234375,27.92779541015625,23.23797607421875,26.81201171875,20.814361572265625,20.368316650390625,26.647491455078125,22.63043212890625,21.8134765625,21.224090576171875,28.88848876953125,24.666107177734375,27.1187744140625,22.613739013671875,23.531982421875,25.194285074869793,24.666107177734375,22.63043212890625,27.669036865234375
1999.0,22.626251220703125,22.822235107421875,25.606781005859375,nan,23.831146240234375,28.592620849609375,25.564971923828125,22.583480834960938,23.829132080078125,23.419281005859375,26.16680908203125,27.61578369140625,25.582855224609375,19.9918212890625,27.346649169921875,22.228759765625,22.972198486328125,28.395782470703125,23.439422607421875,29.691619873046875,20.295867919921875,29.248321533203125,24.85008530389695,23.831146240234375,22.822235107421875,27.346649169921875
2000.0,24.368804931640625,26.80755615234375,25.112884521484375,nan,24.94049072265625,26.1202392578125,27.383697509765625,24.139007568359375,28.433441162109375,26.873443603515625,24.561676025390625,20.40374755859375,27.440460205078125,24.00341796875,26.913665771484375,22.289703369140625,23.15057373046875,24.279388427734375,23.4757080078125,24.964141845703125,22.740020751953125,25.41015625,24.943439301990328,24.94049072265625,24.00341796875,26.80755615234375
2001.0,23.5281982421875,23.3094482421875,23.379058837890625,nan,24.2525634765625,22.8682861328125,21.78912353515625,26.645050048828125,23.14483642578125,24.68365478515625,29.546783447265625,19.990509033203125,21.677520751953125,28.70843505859375,24.56268310546875,23.753662109375,24.829498291015625,24.97894287109375,29.344329833984375,24.53082275390625,23.2452392578125,25.531097412109375,24.49046398344494,24.2525634765625,23.2452392578125,24.97894287109375
2002.0,28.778594970703125,26.011016845703125,29.78802490234375,nan,27.50506591796875,22.47039794921875,25.11712646484375,24.8216552734375,23.155303955078125,27.0115966796875,22.49249267578125,25.385955810546875,26.486236572265625,28.001983642578125,24.5750732421875,25.255279541015625,22.472442626953125,27.631744384765625,27.226165771484375,27.41143798828125,26.97552490234375,27.051055908203125,25.982103620256698,26.486236572265625,24.8216552734375,27.41143798828125
2003.0,24.638458251953125,27.3138427734375,23.993927001953125,nan,29.406463623046875,24.266845703125,23.700592041015625,23.6605224609375,27.61737060546875,23.657073974609375,21.79571533203125,21.50091552734375,24.854217529296875,25.76165771484375,23.667617797851562,20.152008056640625,21.79852294921875,23.980316162109375,22.339263916015625,29.673095703125,21.3397216796875,23.751861572265625,24.231905255998885,23.751861572265625,22.339263916015625,24.854217529296875
2004.0,26.553878784179688,23.792083740234375,26.073577880859375,nan,28.31964111328125,30.11090087890625,21.893341064453125,27.10369873046875,24.456787109375,27.758544921875,24.458465576171875,26.205047607421875,25.331024169921875,21.763916015625,21.13037109375,23.106536865234375,21.149871826171875,30.45849609375,27.51171875,21.919769287109375,21.343902587890625,26.513031005859375,25.09307643345424,25.331024169921875,21.919769287109375,27.10369873046875
2005.0,26.582275390625,21.070037841796875,25.97509765625,nan,25.263824462890625,24.906036376953125,23.500732421875,26.032958984375,20.3916015625,22.442291259765625,27.861053466796875,26.37286376953125,21.5484619140625,21.31561279296875,22.123748779296875,23.11505126953125,22.3594970703125,30.168701171875,26.522003173828125,24.91510009765625,26.195281982421875,29.47491455078125,24.673197428385418,24.91510009765625,22.3594970703125,26.37286376953125
2006.0,24.481414794921875,28.853424072265625,25.7269287109375,nan,23.85577392578125,28.24676513671875,24.15460205078125,29.634918212890625,25.732940673828125,30.833221435546875,22.794464111328125,24.300018310546875,22.545257568359375,26.282989501953125,27.357025146484375,29.724945068359375,23.14923095703125,22.575592041015625,24.23040771484375,24.408935546875,27.639129638671875,27.6920166015625,25.915238153366815,25.7269287109375,24.15460205078125,27.6920166015625
2007.0,23.23504638671875,21.681396484375,22.667083740234375,nan,24.1634521484375,23.520599365234375,21.705718994140625,22.125030517578125,23.356170654296875,30.22772216796875,28.42193603515625,23.990631103515625,20.98577880859375,25.6348876953125,24.848724365234375,26.022186279296875,27.400054931640625,25.5889892578125,27.6015625,23.71234130859375,22.70428466796875,24.637603759765625,24.487200055803573,23.990631103515625,22.70428466796875,25.6348876953125
2008.0,23.440185546875,21.853179931640625,29.020751953125,nan,24.5172119140625,22.537750244140625,23.49676513671875,29.931793212890625,26.622161865234375,23.11053466796875,24.63226318359375,25.385955810546875,23.34619140625,24.150482177734375,20.299468994140625,27.217010498046875,25.087493896484375,22.603546142578125,22.376129150390625,23.2620849609375,19.267822265625,25.759185791015625,24.18656994047619,23.49676513671875,22.603546142578125,25.385955810546875
2009.0,22.610626220703125,26.9815673828125,25.423187255859375,nan,29.13201904296875,24.16656494140625,29.209320068359375,27.457794189453125,24.5057373046875,29.88360595703125,24.299102783203125,24.15740966796875,26.206939697265625,26.406829833984375,24.897247314453125,26.69610595703125,23.232421875,24.517364501953125,21.15740966796875,23.942230224609375,23.066436767578125,27.055633544921875,25.47645496186756,24.897247314453125,24.15740966796875,26.9815673828125
2010.0,25.88287353515625,23.31390380859375,27.766998291015625,nan,27.684112548828125,22.575164794921875,24.58111572265625,21.685516357421875,24.309906005859375,25.032958984375,27.97515869140625,20.855743408203125,22.935760498046875,19.871307373046875,24.981903076171875,21.438385009765625,27.943511962890625,27.2418212890625,25.563446044921875,30.675140380859375,22.353912353515625,27.675384521484375,24.873524983723957,24.981903076171875,22.575164794921875,27.675384521484375
2011.0,27.146575927734375,24.739837646484375,23.6182861328125,nan,23.568450927734375,22.43609619140625,29.53704833984375,24.512847900390625,23.51422119140625,23.416229248046875,23.00372314453125,27.611907958984375,21.395660400390625,20.293609619140625,23.897125244140625,29.66064453125,19.4691162109375,19.863677978515625,20.751129150390625,24.112060546875,25.112274169921875,27.604217529296875,24.060225713820685,23.6182861328125,22.43609619140625,25.112274169921875
2012.0,22.20721435546875,24.523773193359375,31.56317138671875,nan,24.464080810546875,22.81878662109375,21.78521728515625,23.0361328125,21.616546630859375,24.7471923828125,24.230194091796875,24.8809814453125,22.705963134765625,23.147613525390625,28.58319091796875,24.0775146484375,22.98028564453125,22.964874267578125,25.397705078125,25.640167236328125,25.091796875,24.756134033203125,24.343739827473957,24.230194091796875,22.964874267578125,24.8809814453125
2013.0,23.22308349609375,23.92767333984375,25.818115234375,nan,28.20050048828125,24.133392333984375,23.200592041015625,29.0335693359375,20.74554443359375,25.17340087890625,27.682464599609375,27.1737060546875,25.250762939453125,28.12640380859375,22.006622314453125,24.333770751953125,24.712127685546875,23.249359130859375,22.057952880859375,30.788055419921875,22.61346435546875,28.382720947265625,25.23015630812872,24.712127685546875,23.22308349609375,27.682464599609375
2014.0,24.636627197265625,29.5325927734375,26.2984619140625,nan,26.233367919921875,25.728057861328125,22.251190185546875,28.308349609375,23.54766845703125,26.017364501953125,20.86700439453125,21.899627685546875,19.531829833984375,21.18798828125,23.258026123046875,23.83056640625,22.78082275390625,21.722137451171875,19.912872314453125,31.253936767578125,22.24615478515625,31.22540283203125,24.393811907087052,23.54766845703125,21.899627685546875,26.233367919921875
2015.0,21.03631591796875,23.77069091796875,27.31414794921875,nan,24.844451904296875,23.065948486328125,29.686798095703125,25.58233642578125,24.087860107421875,26.028106689453125,21.759368896484375,23.039154052734375,22.36260986328125,27.68988037109375,28.065765380859375,24.286956787109375,21.803314208984375,22.681732177734375,21.33489990234375,26.051788330078125,25.454864501953125,26.30810546875,24.583576020740328,24.286956787109375,22.681732177734375,26.051788330078125
2016.0,27.68719482421875,28.66094970703125,31.349365234375,nan,25.9716796875,27.89935302734375,24.0245361328125,23.12994384765625,21.19110107421875,22.84417724609375,23.04248046875,23.79571533203125,24.66864013671875,25.701873779296875,27.5108642578125,24.21044921875,26.8515625,26.467559814453125,24.1849365234375,26.888397216796875,20.245941162109375,26.73193359375,25.383745465959823,25.701873779296875,23.79571533203125,26.888397216796875
2017.0,27.981048583984375,26.507537841796875,27.7598876953125,nan,24.942108154296875,23.5692138671875,30.264068603515625,23.2767333984375,24.10052490234375,25.083709716796875,25.40087890625,20.464599609375,23.872833251953125,24.944671630859375,23.8382568359375,21.219879150390625,23.970062255859375,27.045745849609375,26.839019775390625,24.1583251953125,20.912933349609375,28.07733154296875,24.96330333891369,24.942108154296875,23.8382568359375,26.839019775390625
2018.0,27.61187744140625,23.645111083984375,26.19482421875,nan,23.5010986328125,24.51025390625,28.9715576171875,22.226776123046875,21.701751708984375,20.38946533203125,21.322296142578125,21.930816650390625,23.165740966796875,22.583831787109375,28.489013671875,24.369964599609375,23.545166015625,23.808441162109375,21.92144775390625,23.04705810546875,22.234649658203125,27.649688720703125,23.943849109468005,23.5010986328125,22.226776123046875,24.51025390625
2019.0,22.76593017578125,24.226593017578125,27.2073974609375,nan,22.7113037109375,29.234771728515625,25.923431396484375,25.80364990234375,22.421661376953125,25.545074462890625,22.3134765625,23.74346923828125,22.4996337890625,27.597930908203125,23.916046142578125,24.053802490234375,23.577301025390625,20.586883544921875,27.0635986328125,26.695404052734375,21.25897216796875,24.46551513671875,24.457706996372767,24.053802490234375,22.7113037109375,25.923431396484375
2020.0,22.140899658203125,23.520355224609375,25.632080078125,nan,30.00347900390625,23.419219970703125,26.16156005859375,26.007293701171875,23.82257080078125,28.12603759765625,20.705718994140625,20.640411376953125,24.521026611328125,23.419464111328125,28.208251953125,27.8857421875,23.442840576171875,25.738433837890625,22.048095703125,30.21337890625,24.05731201171875,23.101043701171875,24.895962669735862,24.05731201171875,23.419219970703125,26.16156005859375
2021.0,26.7852783203125,26.176513671875,26.10174560546875,nan,26.597137451171875,26.6126708984375,23.91558837890625,26.222259521484375,23.472320556640625,22.442779541015625,22.49639892578125,22.6444091796875,21.886871337890625,27.401397705078125,20.191558837890625,23.907562255859375,21.215972900390625,25.0224609375,20.25421142578125,29.7459716796875,22.448699951171875,27.97998046875,24.453418550037203,23.91558837890625,22.448699951171875,26.597137451171875
2022.0,20.023040771484375,24.867279052734375,23.73919677734375,nan,29.198394775390625,29.684783935546875,22.69775390625,30.700347900390625,22.31951904296875,29.905975341796875,28.30841064453125,28.519622802734375,26.590072631835938,25.83184814453125,25.6142578125,22.70086669921875,20.959747314453125,21.92926025390625,24.7740478515625,23.854248046875,21.016357421875,25.382568359375,25.172266642252605,24.867279052734375,22.69775390625,28.30841064453125
2023.0,23.3233642578125,26.069091796875,27.126739501953125,nan,25.012542724609375,26.3719482421875,24.910614013671875,22.341888427734375,25.512847900390625,24.18280029296875,21.555755615234375,24.639678955078125,20.573394775390625,25.894012451171875,26.534027099609375,21.4228515625,20.615570068359375,25.54638671875,22.07305908203125,25.363555908203125,23.01458740234375,23.02288818359375,24.052743094308035,24.639678955078125,22.341888427734375,25.54638671875
2024.0,23.88409423828125,24.84637451171875,25.71612548828125,nan,25.014190673828125,26.3114013671875,27.041778564453125,30.5052490234375,26.609344482421875,29.684906005859375,21.005615234375,22.175537109375,24.878448486328125,25.52294921875,26.136138916015625,22.95379638671875,22.22454833984375,27.083892822265625,25.67596435546875,27.15380859375,25.628631591796875,28.673004150390625,25.653609502883185,25.67596435546875,24.84637451171875,27.041778564453125
2025.0,25.70086669921875,27.9532470703125,26.15863037109375,nan,24.359832763671875,30.385589599609375,23.09759521484375,24.409027099609375,21.7921142578125,22.5584716796875,23.10845947265625,22.971466064453125,22.628021240234375,22.465118408203125,23.728607177734375,29.56158447265625,22.00885009765625,26.275634765625,24.98626708984375,25.006134033203125,21.048004150390625,25.615325927734375,24.562802269345237,24.359832763671875,22.628021240234375,25.70086669921875
2026.0,20.855438232421875,22.41845703125,27.209930419921875,nan,30.33905029296875,22.850799560546875,26.123016357421875,21.34759521484375,20.007354736328125,25.32208251953125,21.804351806640625,19.251129150390625,21.495330810546875,19.12371826171875,22.235382080078125,26.226898193359375,23.516204833984375,23.48870849609375,23.1856689453125,23.8428955078125,22.52703857421875,23.1192626953125,23.156681605747767,22.850799560546875,21.495330810546875,23.8428955078125
2027.0,25.2607421875,22.19427490234375,26.27294921875,nan,26.09320068359375,26.25067138671875,25.905426025390625,30.881011962890625,23.606231689453125,23.9580078125,19.70343017578125,29.5455322265625,22.85711669921875,23.550323486328125,23.21630859375,25.048126220703125,22.960205078125,27.50714111328125,24.82464599609375,24.139404296875,24.31201171875,20.93682861328125,24.715409051804315,24.31201171875,23.21630859375,26.09320068359375
2028.0,28.813690185546875,29.14324951171875,27.38232421875,nan,24.428192138671875,28.058135986328125,25.648406982421875,24.053466796875,24.127105712890625,23.566497802734375,22.162933349609375,29.196868896484375,25.696380615234375,25.783050537109375,24.5230712890625,19.983184814453125,21.89605712890625,27.78717041015625,23.5133056640625,24.4603271484375,22.678131103515625,26.200714111328125,25.195345924014138,24.5230712890625,23.566497802734375,27.38232421875
2029.0,27.359649658203125,24.72845458984375,30.9134521484375,nan,29.706207275390625,28.51611328125,20.82952880859375,24.26690673828125,19.514801025390625,26.013580322265625,20.684783935546875,24.456787109375,24.513397216796875,22.72967529296875,23.196258544921875,20.617828369140625,26.606719970703125,21.726165771484375,23.931884765625,22.634002685546875,24.77288818359375,28.76824951171875,24.594635009765625,24.456787109375,22.634002685546875,26.606719970703125
2030.0,21.074249267578125,27.521514892578125,24.87933349609375,nan,24.2581787109375,24.75177001953125,24.816650390625,30.2816162109375,24.090789794921875,22.7740478515625,21.362579345703125,23.977264404296875,20.327484130859375,25.6427001953125,23.199127197265625,23.137176513671875,22.67315673828125,24.91986083984375,23.423736572265625,26.679656982421875,25.6019287109375,25.989288330078125,24.351529075985862,24.2581787109375,23.137176513671875,25.6019287109375
2031.0,23.993011474609375,24.004486083984375,30.30084228515625,nan,23.707763671875,27.413116455078125,20.923919677734375,22.79840087890625,24.75665283203125,24.574951171875,21.5850830078125,21.475006103515625,26.83782958984375,25.8544921875,21.251708984375,24.279876708984375,21.14154052734375,27.825592041015625,26.12677001953125,30.42791748046875,23.76678466796875,27.466064453125,24.78627668108259,24.279876708984375,22.79840087890625,26.83782958984375
2032.0,22.879974365234375,23.640167236328125,28.636932373046875,nan,25.96160888671875,29.8221435546875,24.673797607421875,24.796554565429688,25.58258056640625,29.29559326171875,21.098876953125,23.08837890625,19.291961669921875,24.89935302734375,24.67578125,23.208404541015625,21.059722900390625,26.85345458984375,23.901458740234375,25.076324462890625,23.0284423828125,29.145172119140625,24.791270664760045,24.67578125,23.08837890625,25.96160888671875
2033.0,27.175811767578125,22.9114990234375,25.332794189453125,nan,26.099945068359375,29.373199462890625,22.338592529296875,29.177459716796875,23.45745849609375,29.248809814453125,22.179473876953125,21.40521240234375,21.17279052734375,23.590301513671875,24.3406982421875,23.725311279296875,22.7100830078125,26.697235107421875,24.42938232421875,25.871307373046875,22.398956298828125,24.454620361328125,24.670997256324405,24.3406982421875,22.7100830078125,26.099945068359375
2034.0,20.08721923828125,25.600921630859375,28.910552978515625,nan,30.385345458984375,25.313629150390625,23.11102294921875,21.532562255859375,22.033294677734375,24.962371826171875,28.291473388671875,21.951812744140625,21.50579833984375,20.482025146484375,27.644073486328125,24.3525390625,21.054779052734375,20.978759765625,23.359771728515625,30.473052978515625,18.38623046875,26.26593017578125,24.127769833519345,23.359771728515625,21.50579833984375,26.26593017578125
2035.0,21.026763916015625,26.104766845703125,24.744964599609375,nan,22.237152099609375,25.705413818359375,23.09478759765625,23.505859375,21.3759765625,25.7567138671875,21.8494873046875,20.35369873046875,22.649993896484375,26.004119873046875,22.3465576171875,21.661224365234375,20.790557861328125,23.005706787109375,24.096588134765625,28.356109619140625,26.298583984375,32.30126953125,23.965061732700892,23.09478759765625,21.8494873046875,25.7567138671875
2036.0,20.81842041015625,25.10137939453125,28.9036865234375,nan,23.976715087890625,28.24737548828125,26.407440185546875,23.59368896484375,19.769287109375,21.048095703125,23.9935302734375,26.3544921875,27.64703369140625,26.227020263671875,20.076690673828125,23.4420166015625,23.41815185546875,25.975372314453125,22.014251708984375,28.608367919921875,20.309234619140625,27.730865478515625,24.460148402622767,23.9935302734375,22.014251708984375,26.407440185546875
2037.0,24.254608154296875,25.68408203125,26.56024169921875,nan,29.240478515625,29.304656982421875,24.063629150390625,24.9903564453125,22.247833251953125,22.556488037109375,26.639495849609375,27.8668212890625,23.462371826171875,22.806671142578125,23.177520751953125,24.88409423828125,22.267425537109375,31.770904541015625,22.4844970703125,23.819732666015625,21.843475341796875,29.643646240234375,25.217572893415177,24.254608154296875,22.806671142578125,26.639495849609375
2038.0,22.782318115234375,27.13629150390625,23.584991455078125,nan,28.90069580078125,26.93096923828125,26.1868896484375,24.5955810546875,21.5806884765625,23.019744873046875,24.123291015625,22.826751708984375,24.440643310546875,22.46826171875,27.4111328125,25.3876953125,27.688873291015625,26.236419677734375,20.583831787109375,23.321563720703125,23.117584228515625,25.7857666015625,24.67190406436012,24.440643310546875,23.019744873046875,26.236419677734375
2039.0,27.3609619140625,27.059600830078125,28.3636474609375,nan,26.368896484375,26.494354248046875,23.56048583984375,23.59716796875,25.665679931640625,21.778778076171875,29.572296142578125,24.900604248046875,20.9989013671875,22.560333251953125,28.645111083984375,22.59259033203125,25.730010986328125,28.975677490234375,22.43951416015625,24.13360595703125,24.10546875,27.515289306640625,25.353284563337052,25.665679931640625,23.56048583984375,27.3609619140625
2040.0,23.527862548828125,28.69732666015625,28.064300537109375,nan,23.061676025390625,26.618560791015625,24.343963623046875,30.66729736328125,20.819122314453125,21.940155029296875,22.954010009765625,23.3985595703125,23.87762451171875,21.223602294921875,21.870330810546875,25.62933349609375,22.4595947265625,22.871368408203125,21.794952392578125,27.16485595703125,21.97589111328125,26.3558349609375,24.253153483072918,23.3985595703125,21.97589111328125,26.3558349609375
2041.0,22.471893310546875,25.476104736328125,26.305877685546875,nan,24.20556640625,29.135162353515625,28.802337646484375,25.498565673828125,22.857696533203125,25.16876220703125,23.661834716796875,26.21466064453125,19.9735107421875,24.41278076171875,28.05126953125,22.760009765625,23.396575927734375,21.784881591796875,24.281585693359375,23.50872802734375,25.990386962890625,27.554656982421875,24.83394513811384,24.41278076171875,23.396575927734375,26.21466064453125
2042.0,23.364532470703125,26.47412109375,25.93560791015625,nan,30.4061279296875,23.97308349609375,29.08941650390625,22.54681396484375,24.56988525390625,23.56488037109375,24.78363037109375,26.842864990234375,20.68145751953125,22.603546142578125,25.38037109375,23.256927490234375,27.32171630859375,24.90509033203125,25.18585205078125,23.644012451171875,24.4765625,24.92327880859375,24.949037097749255,24.78363037109375,23.56488037109375,25.93560791015625
2043.0,27.8232421875,28.666015625,27.32830810546875,nan,25.675445556640625,21.778900146484375,25.305938720703125,24.990264892578125,22.842041015625,27.654266357421875,25.6011962890625,28.63494873046875,26.228927612304688,22.259765625,25.45343017578125,25.2872314453125,22.046173095703125,25.5570068359375,27.67822265625,27.75201416015625,21.22222900390625,25.045867919921875,25.468163626534597,25.5570068359375,24.990264892578125,27.654266357421875
2044.0,21.17803955078125,29.699676513671875,27.96429443359375,nan,23.45587158203125,23.459869384765625,27.267059326171875,28.76824951171875,21.626129150390625,22.66375732421875,24.242340087890625,26.1270751953125,22.674163818359375,23.206268310546875,28.551666259765625,23.366485595703125,25.089385986328125,26.917724609375,23.06329345703125,20.950653076171875,23.992767333984375,26.590911865234375,24.80265154157366,23.992767333984375,23.06329345703125,26.917724609375
2045.0,21.9368896484375,25.459259033203125,22.99072265625,nan,25.868621826171875,24.483856201171875,27.8157958984375,27.62200927734375,24.635223388671875,22.654144287109375,22.051544189453125,23.087127685546875,27.31134033203125,22.578582763671875,25.7193603515625,28.02288818359375,21.601409912109375,22.389984130859375,21.366455078125,29.834503173828125,23.478363037109375,26.71685791015625,24.648806617373513,24.483856201171875,22.578582763671875,26.71685791015625
2046.0,27.187225341796875,26.0487060546875,25.088592529296875,nan,25.851959228515625,29.91119384765625,27.915313720703125,22.354888916015625,21.8822021484375,23.357879638671875,23.732452392578125,24.046783447265625,28.706787109375,21.32196044921875,23.031036376953125,26.36822509765625,21.961639404296875,24.697235107421875,26.63494873046875,25.117279052734375,24.37689208984375,22.5250244140625,24.862772623697918,24.697235107421875,23.031036376953125,26.36822509765625
2047.0,24.59149169921875,29.258056640625,26.730194091796875,nan,25.87109375,22.8455810546875,23.378143310546875,20.667388916015625,23.474578857421875,27.197265625,25.437255859375,23.58599853515625,26.65814208984375,21.3824462890625,22.89471435546875,25.257568359375,22.98919677734375,24.359130859375,24.92144775390625,23.83697509765625,22.421875,24.3736572265625,24.387247721354168,24.359130859375,22.98919677734375,25.437255859375
2048.0,27.900543212890625,24.2623291015625,23.30230712890625,nan,25.697601318359375,26.747406005859375,26.91839599609375,27.0440673828125,20.779876708984375,21.594390869140625,22.530426025390625,22.7396240234375,26.43157958984375,23.87347412109375,24.4898681640625,23.057464599609375,23.2825927734375,21.77117919921875,21.78961181640625,26.56597900390625,25.363433837890625,30.956878662109375,24.623763311476935,24.2623291015625,22.7396240234375,26.56597900390625
2049.0,27.31341552734375,23.6082763671875,23.636474609375,nan,30.6395263671875,21.672149658203125,23.21881103515625,28.411865234375,20.47320556640625,22.665618896484375,24.236114501953125,24.63714599609375,27.354827880859375,22.506256103515625,30.41973876953125,23.456451416015625,20.095001220703125,25.925445556640625,22.809417724609375,24.187591552734375,22.024383544921875,29.08441162109375,24.68457757859003,23.636474609375,22.665618896484375,27.31341552734375
2050.0,24.9193115234375,23.45794677734375,26.019683837890625,nan,26.701202392578125,22.36468505859375,21.677734375,21.768707275390625,20.323944091796875,23.4052734375,25.3297119140625,21.084259033203125,20.73321533203125,24.125762939453125,23.970428466796875,25.4708251953125,21.75994873046875,23.176422119140625,20.628509521484375,24.40667724609375,20.925506591796875,29.937896728515625,23.43750726609003,23.4052734375,21.677734375,24.9193115234375
2051.0,22.2021484375,24.247467041015625,26.720733642578125,nan,26.419464111328125,26.815521240234375,24.127593994140625,22.54852294921875,20.276031494140625,24.581329345703125,22.1800537109375,22.386627197265625,28.81353759765625,23.398834228515625,25.090118408203125,23.839752197265625,22.2266845703125,27.736724853515625,23.620819091796875,25.2757568359375,23.264801025390625,23.101226806640625,24.232083275204612,23.839752197265625,22.54852294921875,25.2757568359375
2052.0,22.8577880859375,24.4862060546875,28.658966064453125,nan,23.283660888671875,29.664825439453125,24.41522216796875,23.71710205078125,22.074737548828125,23.429168701171875,23.63104248046875,27.514801025390625,24.89764404296875,25.4078369140625,24.7156982421875,21.728302001953125,19.753387451171875,26.855499267578125,29.740478515625,23.948028564453125,21.33892822265625,23.574188232421875,24.556833902994793,23.948028564453125,23.283660888671875,25.4078369140625
2053.0,23.3341064453125,26.992919921875,24.936004638671875,nan,29.18695068359375,28.970672607421875,24.670684814453125,20.605804443359375,21.85308837890625,27.246612548828125,23.634857177734375,21.109283447265625,24.662689208984375,21.418182373046875,24.405120849609375,22.971923828125,20.81500244140625,26.76373291015625,24.963836669921875,25.643157958984375,28.237884521484375,27.55517578125,24.76084245954241,24.670684814453125,22.971923828125,26.992919921875
2054.0,22.60638427734375,26.36737060546875,28.68914794921875,nan,22.970703125,23.805755615234375,24.6112060546875,27.132598876953125,29.4991455078125,24.90032958984375,21.592742919921875,22.864654541015625,22.66448974609375,20.241302490234375,21.063507080078125,22.218536376953125,20.843353271484375,25.667266845703125,22.29364013671875,24.657745361328125,21.78851318359375,26.126129150390625,23.933548700241815,22.970703125,22.218536376953125,25.667266845703125
2055.0,21.877349853515625,22.69873046875,23.74163818359375,nan,22.122589111328125,29.477386474609375,22.80889892578125,28.38873291015625,21.278961181640625,22.145294189453125,21.756195068359375,22.267303466796875,25.2899169921875,21.393310546875,28.893402099609375,24.585540771484375,20.882080078125,27.350677490234375,24.54888916015625,24.4915771484375,21.25372314453125,30.663116455078125,24.186443510509672,22.80889892578125,21.877349853515625,25.2899169921875
2056.0,23.455322265625,25.734344482421875,26.14666748046875,nan,29.4525146484375,27.311309814453125,30.31732177734375,22.60162353515625,22.1046142578125,24.236236572265625,22.88775634765625,24.13531494140625,22.481414794921875,21.100860595703125,28.27471923828125,26.22747802734375,20.02862548828125,26.16748046875,26.12548828125,26.069854736328125,22.65380859375,23.13629150390625,24.792811802455358,24.236236572265625,22.65380859375,26.16748046875
2057.0,29.673370361328125,24.313201904296875,30.174041748046875,nan,25.74102783203125,29.7984619140625,26.733734130859375,25.5186767578125,23.398590087890625,21.28265380859375,28.364501953125,19.659912109375,28.433868408203125,25.28900146484375,22.119537353515625,23.394622802734375,22.99688720703125,27.41973876953125,23.83148193359375,29.638397216796875,24.3790283203125,26.286956787109375,25.64036632719494,25.5186767578125,23.398590087890625,28.364501953125
2058.0,22.885162353515625,24.8123779296875,24.792205810546875,nan,24.8817138671875,25.16748046875,22.944793701171875,25.540771484375,21.463165283203125,21.87957763671875,27.73834228515625,22.678680419921875,24.434906005859375,26.168304443359375,24.971893310546875,25.64678955078125,22.184356689453125,24.630828857421875,20.03680419921875,25.36492919921875,21.653594970703125,24.904052734375,24.03717767624628,24.792205810546875,22.678680419921875,25.16748046875
2059.0,21.137664794921875,24.357635498046875,27.31591796875,nan,24.477783203125,29.843902587890625,20.613861083984375,22.875640869140625,21.88763427734375,23.11077880859375,21.449798583984375,20.2457275390625,19.56146240234375,26.170318603515625,24.246826171875,25.824310302734375,22.77691650390625,23.433258056640625,20.9490966796875,23.61163330078125,23.8656005859375,25.043212890625,23.466618129185267,23.433258056640625,21.449798583984375,24.477783203125
2060.0,29.323394775390625,25.847686767578125,23.998931884765625,nan,23.215179443359375,23.1549072265625,22.277923583984375,22.842437744140625,21.146331787109375,28.991058349609375,29.518707275390625,28.58392333984375,25.11614990234375,20.45062255859375,25.38348388671875,24.8927001953125,20.27581787109375,24.352996826171875,19.496337890625,27.275604248046875,21.858917236328125,26.82208251953125,24.515485491071427,24.352996826171875,22.277923583984375,26.82208251953125
2061.0,23.786895751953125,29.1834716796875,24.7315673828125,nan,22.8780517578125,25.499969482421875,25.67449951171875,22.94488525390625,22.807037353515625,25.134979248046875,22.7076416015625,27.696258544921875,24.027099609375,22.023193359375,25.482940673828125,23.767059326171875,20.694244384765625,26.087799072265625,23.231201171875,22.980804443359375,21.11846923828125,27.30816650390625,24.27458263578869,23.786895751953125,22.8780517578125,25.499969482421875
2062.0,25.66851806640625,23.933807373046875,25.561614990234375,nan,27.192047119140625,24.84912109375,27.61907958984375,26.85101318359375,21.441314697265625,21.778167724609375,25.34307861328125,22.94635009765625,24.015869140625,21.70269775390625,24.213592529296875,26.011627197265625,22.420196533203125,24.470672607421875,23.610137939453125,23.995269775390625,20.611053466796875,28.239654541015625,24.403565906343005,24.213592529296875,22.94635009765625,25.66851806640625
2063.0,24.22735595703125,25.60687255859375,24.677215576171875,nan,21.9881591796875,24.941314697265625,23.02642822265625,23.626678466796875,25.82305908203125,21.798797607421875,28.79498291015625,23.548187255859375,21.132720947265625,23.045196533203125,22.13836669921875,23.94775390625,26.66790771484375,23.44952392578125,22.742950439453125,21.900360107421875,22.425262451171875,29.676727294921875,24.056467692057293,23.548187255859375,22.425262451171875,24.941314697265625
2064.0,24.054473876953125,24.90460205078125,25.469207763671875,nan,20.847686767578125,23.96343994140625,24.75567626953125,23.693756103515625,21.418853759765625,22.726409912109375,21.314453125,24.576171875,22.417205810546875,23.552581787109375,22.1009521484375,23.614105224609375,21.076507568359375,21.097259521484375,25.134613037109375,29.59869384765625,22.913848876953125,27.90606689453125,23.673169817243302,23.614105224609375,22.1009521484375,24.75567626953125
2065.0,25.529388427734375,25.8646240234375,23.829864501953125,nan,22.693572998046875,29.02044677734375,29.485107421875,21.756561279296875,24.686981201171875,25.93096923828125,21.414031982421875,24.17144775390625,25.118408203125,22.204925537109375,25.044464111328125,25.84417724609375,21.833465576171875,23.539215087890625,25.030242919921875,25.182403564453125,22.6339111328125,25.1912841796875,24.571690150669642,25.030242919921875,22.693572998046875,25.529388427734375
2066.0,21.599578857421875,23.093109130859375,30.037872314453125,nan,23.9735107421875,29.749908447265625,24.760955810546875,23.028778076171875,20.92645263671875,26.52166748046875,28.172271728515625,26.497467041015625,26.906768798828125,25.24090576171875,23.183380126953125,22.789337158203125,22.899444580078125,23.237518310546875,24.83660888671875,24.827911376953125,20.489837646484375,24.441192626953125,24.629260835193453,24.441192626953125,23.028778076171875,26.497467041015625
2067.0,25.890960693359375,25.628814697265625,26.211761474609375,nan,22.803314208984375,25.813262939453125,24.80340576171875,27.5345458984375,22.38623046875,25.04290771484375,21.280303955078125,23.684478759765625,28.13214111328125,20.920074462890625,24.292633056640625,24.172637939453125,20.8465576171875,21.9560546875,25.354705810546875,25.457916259765625,20.422149658203125,25.14117431640625,24.179811023530505,24.80340576171875,22.38623046875,25.628814697265625
2068.0,21.806365966796875,25.75604248046875,23.855926513671875,nan,27.314178466796875,20.811004638671875,26.134674072265625,24.720916748046875,22.438934326171875,25.585906982421875,21.08514404296875,24.723480224609375,21.10498046875,20.46478271484375,29.5762939453125,26.488372802734375,19.8515625,23.5728759765625,24.919464111328125,26.846221923828125,22.809967041015625,32.666259765625,24.40635027204241,24.720916748046875,21.806365966796875,26.134674072265625
2069.0,25.59234619140625,26.23681640625,26.519744873046875,nan,26.900482177734375,22.751739501953125,28.301361083984375,25.03643798828125,20.905487060546875,22.985382080078125,27.940399169921875,23.8792724609375,23.298736572265625,24.709014892578125,25.492950439453125,23.261749267578125,20.045928955078125,24.584747314453125,22.062347412109375,27.964202880859375,26.00311279296875,26.677459716796875,24.816653297061013,25.03643798828125,23.261749267578125,26.519744873046875
2070.0,22.453582763671875,22.365020751953125,24.121307373046875,nan,22.08197021484375,21.889251708984375,27.540008544921875,21.6385498046875,21.0030517578125,22.46160888671875,20.895294189453125,22.6087646484375,28.4666748046875,21.486541748046875,27.126312255859375,27.84283447265625,20.16162109375,24.897247314453125,22.3631591796875,22.48297119140625,21.2894287109375,23.911346435546875,23.289835611979168,22.453582763671875,21.6385498046875,24.121307373046875
2071.0,19.951751708984375,21.270965576171875,24.53582763671875,nan,27.053131103515625,28.804473876953125,22.184722900390625,25.05657958984375,22.4493408203125,27.015106201171875,25.066802978515625,28.05816650390625,23.367523193359375,22.423858642578125,28.7791748046875,26.97607421875,21.3651123046875,23.0732421875,23.550689697265625,24.430450439453125,26.241302490234375,24.0218505859375,24.556007021949405,24.430450439453125,22.4493408203125,26.97607421875
2072.0,20.3843994140625,25.009765625,26.933441162109375,nan,22.59014892578125,21.873748779296875,27.992340087890625,24.431182861328125,21.935333251953125,27.171142578125,21.54351806640625,24.09637451171875,25.4876708984375,19.97930908203125,21.864166259765625,23.507171630859375,26.075469970703125,22.101959228515625,20.818817138671875,21.50152587890625,23.9796142578125,24.359100341796875,23.506485711960565,23.507171630859375,21.864166259765625,25.009765625
2073.0,22.38531494140625,23.88409423828125,22.208892822265625,nan,21.198394775390625,24.526336669921875,25.323516845703125,23.18084716796875,25.494537353515625,22.5980224609375,27.975555419921875,22.362396240234375,29.14361572265625,19.755767822265625,25.9285888671875,24.3477783203125,20.929595947265625,28.222015380859375,22.122955322265625,23.09478759765625,22.114044189453125,28.041259765625,24.039919898623513,23.18084716796875,22.208892822265625,25.494537353515625
2074.0,26.106781005859375,23.305084228515625,31.58038330078125,nan,23.870758056640625,27.040496826171875,21.13079833984375,24.06103515625,22.47967529296875,23.315887451171875,20.46234130859375,23.50482177734375,21.1397705078125,23.2398681640625,27.03118896484375,29.125244140625,23.063720703125,21.607208251953125,22.530792236328125,23.86053466796875,22.5880126953125,23.131011962890625,24.008353097098215,23.305084228515625,22.530792236328125,24.06103515625
2075.0,21.61810302734375,23.29583740234375,27.807281494140625,nan,21.81573486328125,26.622833251953125,24.706573486328125,24.225677490234375,19.26953125,22.43280029296875,21.729705810546875,22.508453369140625,24.699127197265625,23.640777587890625,22.687652587890625,22.539764404296875,22.88092041015625,20.8270263671875,21.40203857421875,28.7200927734375,21.978607177734375,31.72869873046875,23.673201788039435,22.687652587890625,21.81573486328125,24.699127197265625
2076.0,21.927459716796875,21.901641845703125,24.55975341796875,nan,24.75,23.9287109375,23.4263916015625,22.7119140625,20.4239501953125,27.659698486328125,26.34722900390625,26.775970458984375,24.8245849609375,20.559173583984375,26.0404052734375,23.24102783203125,20.326080322265625,22.817047119140625,22.749725341796875,23.261627197265625,23.623382568359375,23.65087890625,23.595554896763392,23.4263916015625,22.7119140625,24.75
2077.0,25.968048095703125,26.5506591796875,29.09124755859375,nan,25.21356201171875,25.233123779296875,21.97412109375,23.61376953125,30.110565185546875,24.73785400390625,20.910491943359375,24.414520263671875,27.14593505859375,21.866302490234375,26.062652587890625,26.21295166015625,22.520843505859375,23.4896240234375,25.888214111328125,29.424774169921875,20.918731689453125,27.90496826171875,25.20252191452753,25.233123779296875,23.4896240234375,26.5506591796875
2078.0,26.45184326171875,22.961761474609375,26.40216064453125,nan,21.580810546875,26.957763671875,25.023773193359375,22.118499755859375,22.725311279296875,27.11492919921875,21.879669189453125,20.801727294921875,24.6474609375,27.7841796875,22.811676025390625,28.296173095703125,21.433502197265625,21.56298828125,21.470703125,27.711822509765625,21.839599609375,23.659210205078125,24.058836437406995,22.961761474609375,21.839599609375,26.45184326171875
2079.0,28.342193603515625,27.4140625,24.878570556640625,nan,23.284881591796875,23.7496337890625,23.65594482421875,23.3660888671875,20.14556884765625,22.913787841796875,24.415924072265625,22.41607666015625,20.768524169921875,24.302978515625,24.73162841796875,22.43328857421875,23.205535888671875,24.464874267578125,26.829010009765625,24.7689208984375,20.32232666015625,27.09796142578125,23.976561046781995,23.7496337890625,22.913787841796875,24.7689208984375
2080.0,26.367767333984375,26.92144775390625,24.973663330078125,nan,28.959075927734375,22.553863525390625,23.221038818359375,20.707305908203125,22.6695556640625,22.376220703125,26.66937255859375,22.707794189453125,23.258148193359375,26.40716552734375,25.4425048828125,27.846160888671875,20.24371337890625,27.856597900390625,21.353973388671875,25.247802734375,22.3731689453125,23.675567626953125,24.372948056175595,23.675567626953125,22.553863525390625,26.40716552734375
2081.0,24.428985595703125,26.099609375,29.871856689453125,nan,25.72479248046875,23.159698486328125,24.55731201171875,22.995758056640625,20.176177978515625,24.951080322265625,21.6588134765625,21.754638671875,27.567138671875,23.8018798828125,25.2633056640625,25.505218505859375,24.7164306640625,23.44842529296875,24.62042236328125,21.922149658203125,23.370758056640625,27.7607421875,24.445485432942707,24.55731201171875,23.159698486328125,25.505218505859375
2082.0,24.113037109375,24.329437255859375,31.87152099609375,nan,24.589874267578125,25.23919677734375,25.63494873046875,29.95269775390625,26.046417236328125,25.067962646484375,21.342376708984375,24.536956787109375,24.36407470703125,21.070648193359375,25.5242919921875,24.0692138671875,23.08819580078125,22.01898193359375,22.27978515625,22.66595458984375,25.92950439453125,26.584625244140625,24.77712867373512,24.536956787109375,23.08819580078125,25.63494873046875
2083.0,23.620513916015625,28.715087890625,31.549835205078125,nan,22.95941162109375,26.8765869140625,24.45684814453125,25.13922119140625,22.7147216796875,23.909912109375,21.757720947265625,20.124237060546875,20.5234375,21.415130615234375,25.1383056640625,29.523712158203125,23.434967041015625,20.8543701171875,21.4432373046875,27.0474853515625,23.84100341796875,30.59197998046875,24.55417742047991,23.84100341796875,21.757720947265625,26.8765869140625
2084.0,21.560760498046875,23.088531494140625,28.150726318359375,nan,21.439544677734375,29.601959228515625,25.357574462890625,24.57110595703125,26.042083740234375,21.80133056640625,22.470001220703125,24.310394287109375,21.273712158203125,24.18048095703125,21.962646484375,22.200225830078125,23.328521728515625,26.6151123046875,21.083465576171875,25.92596435546875,22.106231689453125,23.998138427734375,23.86040533156622,23.328521728515625,21.962646484375,25.357574462890625
2085.0,24.57415771484375,27.601165771484375,25.86480712890625,nan,27.888916015625,25.21246337890625,23.60430908203125,22.800384521484375,21.376495361328125,24.413421630859375,28.213104248046875,22.526641845703125,21.999542236328125,20.693511962890625,29.523773193359375,22.844146728515625,25.266021728515625,31.093780517578125,23.5364990234375,27.1962890625,24.031646728515625,26.218597412109375,25.070460728236608,24.57415771484375,22.844146728515625,27.1962890625
2086.0,24.7088623046875,27.60247802734375,28.478668212890625,nan,25.702301025390625,26.38861083984375,20.3865966796875,27.01739501953125,21.39556884765625,24.985748291015625,22.68536376953125,29.9317626953125,23.669921875,25.417510986328125,26.012176513671875,24.756256103515625,23.1533203125,23.567779541015625,24.1234130859375,24.26690673828125,22.410888671875,25.810394287109375,24.879615420386905,24.756256103515625,23.567779541015625,26.012176513671875
2087.0,21.059600830078125,24.030731201171875,26.14837646484375,nan,22.340301513671875,27.654571533203125,25.244537353515625,22.625762939453125,23.75494384765625,24.888946533203125,19.5992431640625,20.880645751953125,18.594207763671875,22.676300048828125,20.998199462890625,21.860870361328125,24.961822509765625,23.10894775390625,23.168243408203125,29.7789306640625,22.379486083984375,24.977081298828125,23.36817859468006,23.10894775390625,21.860870361328125,24.961822509765625
2088.0,24.735931396484375,24.001678466796875,23.1624755859375,nan,24.931549072265625,26.064727783203125,25.873779296875,27.6119384765625,22.330291748046875,27.036376953125,23.57080078125,22.77825927734375,25.907196044921875,22.933807373046875,23.8372802734375,27.63909912109375,23.430572509765625,22.85626220703125,25.712249755859375,24.571136474609375,24.74365234375,25.675048828125,24.733529227120535,24.735931396484375,23.430572509765625,25.873779296875
2089.0,21.506622314453125,25.44140625,29.96356201171875,nan,28.516265869140625,24.518035888671875,24.243621826171875,20.7353515625,20.87738037109375,24.419952392578125,22.9627685546875,21.365631103515625,22.325775146484375,20.625762939453125,29.40887451171875,24.67095947265625,28.396453857421875,24.541046142578125,25.708740234375,25.779083251953125,23.09515380859375,24.31329345703125,24.448368617466517,24.419952392578125,22.325775146484375,25.708740234375
2090.0,26.34222412109375,23.96722412109375,28.400238037109375,nan,23.18798828125,25.60296630859375,25.6778564453125,24.84197998046875,23.397705078125,23.62109375,23.02166748046875,21.479583740234375,22.73193359375,22.41656494140625,24.85040283203125,22.563323974609375,22.79376220703125,24.615875244140625,22.045745849609375,29.517822265625,20.59625244140625,27.011077880859375,24.223013741629465,23.62109375,22.73193359375,25.60296630859375
2091.0,26.153106689453125,26.475311279296875,28.277557373046875,nan,22.61566162109375,28.109375,22.71270751953125,29.51739501953125,22.29034423828125,22.27886962890625,27.408050537109375,22.236907958984375,27.88677978515625,19.318267822265625,23.89727783203125,21.9451904296875,21.319488525390625,24.529632568359375,23.836761474609375,22.151214599609375,22.709930419921875,30.77728271484375,24.59271966843378,23.836761474609375,22.27886962890625,27.408050537109375
2092.0,23.459136962890625,26.4801025390625,23.609893798828125,nan,29.37249755859375,23.439239501953125,28.347625732421875,27.480621337890625,22.725006103515625,23.254608154296875,26.474700927734375,23.047698974609375,24.397796630859375,21.53125,26.1414794921875,26.0294189453125,20.89129638671875,25.92193603515625,19.814361572265625,23.98114013671875,24.994140625,28.9117431640625,24.776461646670388,24.397796630859375,23.254608154296875,26.474700927734375
2093.0,21.019012451171875,25.151458740234375,26.231201171875,nan,22.25018310546875,24.97344970703125,26.142974853515625,21.59173583984375,20.776092529296875,23.9422607421875,20.77154541015625,23.739990234375,27.281524658203125,24.40045166015625,23.24163818359375,23.43707275390625,22.63287353515625,25.349884033203125,19.2115478515625,23.86224365234375,23.6131591796875,23.68402099609375,23.490681966145832,23.68402099609375,22.25018310546875,24.97344970703125
2094.0,21.924957275390625,21.102752685546875,31.391754150390625,nan,24.66009521484375,23.64251708984375,28.310882568359375,23.688262939453125,27.462249755859375,23.3382568359375,23.49127197265625,27.713165283203125,26.614715576171875,19.730010986328125,25.984649658203125,23.615631103515625,21.80877685546875,25.366302490234375,20.6580810546875,26.875762939453125,23.240142822265625,25.889190673828125,24.595687139601935,23.688262939453125,23.240142822265625,26.614715576171875
2095.0,22.58880615234375,21.963623046875,24.36212158203125,nan,26.0206298828125,28.333404541015625,24.907745361328125,22.039337158203125,23.094970703125,25.66326904296875,21.781005859375,24.78106689453125,21.917755126953125,22.906982421875,24.093292236328125,24.273681640625,24.109375,24.783294677734375,22.886444091796875,21.977630615234375,21.8642578125,26.683990478515625,23.858699253627233,24.093292236328125,22.039337158203125,24.783294677734375
2096.0,24.342132568359375,22.456390380859375,22.67333984375,nan,23.777069091796875,22.28741455078125,25.025390625,24.831573486328125,23.16546630859375,23.922698974609375,25.8370361328125,22.668670654296875,20.568084716796875,21.295501708984375,24.3800048828125,21.10107421875,23.483245849609375,20.997100830078125,20.635223388671875,24.228759765625,24.68951416015625,28.087799072265625,23.354928152901785,23.483245849609375,22.28741455078125,24.3800048828125
2097.0,24.49945068359375,22.971221923828125,30.910858154296875,nan,25.49517822265625,25.849151611328125,22.963134765625,25.37579345703125,27.685760498046875,26.48406982421875,24.32623291015625,21.344573974609375,21.8056640625,22.32379150390625,23.162200927734375,23.7620849609375,22.040283203125,24.43524169921875,20.412567138671875,27.0897216796875,19.945709228515625,26.63629150390625,24.262808663504465,24.32623291015625,22.32379150390625,25.849151611328125
2098.0,22.6688232421875,27.118194580078125,28.78717041015625,nan,25.203155517578125,29.149627685546875,19.885498046875,22.781097412109375,20.10723876953125,20.9525146484375,23.220703125,29.247406005859375,28.741790771484375,20.643035888671875,24.163726806640625,23.7060546875,21.58392333984375,26.1177978515625,26.526031494140625,21.839080810546875,22.702667236328125,30.220947265625,24.541261218843005,23.7060546875,21.839080810546875,27.118194580078125
2099.0,25.108367919921875,23.856536865234375,25.082275390625,nan,23.109619140625,23.696563720703125,23.896148681640625,26.20648193359375,20.845794677734375,27.1207275390625,23.63665771484375,20.5213623046875,23.446624755859375,23.187347412109375,27.35467529296875,30.539947509765625,22.33056640625,24.55712890625,21.36175537109375,23.611114501953125,23.730621337890625,25.5447998046875,24.225957961309526,23.730621337890625,23.187347412109375,25.108367919921875
2100.0,22.3272705078125,22.616943359375,27.317474365234375,nan,25.429962158203125,28.64031982421875,23.027740478515625,28.946685791015625,20.1087646484375,23.38818359375,23.061614990234375,25.68212890625,26.041748046875,22.0206298828125,25.778106689453125,21.3594970703125,21.608978271484375,23.912139892578125,20.141815185546875,29.4053955078125,22.063232421875,33.36053466796875,24.58281744094122,23.38818359375,22.063232421875,26.041748046875
