Years,ACCESS-CM2,ACCESS-ESM1-5,BCC-CSM2-MR,CESM2,CMCC-ESM2,CNRM-CM6-1,CNRM-ESM2-1,EC-Earth3,FGOALS-g3,GFDL-ESM4,GISS-E2-1-G,INM-CM4-8,INM-CM5-0,IPSL-CM6A-LR,KACE-1-0-G,MIROC6,MIROC-ES2L,MPI-ESM1-2-HR,MPI-ESM1-2-LR,MRI-ESM2-0,NorESM2-LM,NorESM2-MM,MME-mean,MME-median,MME-pct25,MME-pct75,MME-pct05,MME-pct95
1950.0,1538.1569149264067,1548.4355065771297,1470.834373667367,1284.6331878101353,1269.5232494335642,1559.9952098894591,1286.4613070967039,1368.7439276822943,1258.4196903607797,1517.0857407477088,1411.5312212853412,1473.1760108709182,1722.786009112997,1488.802908773831,1620.6453898322493,1342.3100424346653,1908.9984682680247,1469.6673165900847,1439.7956944945533,1667.2393595388598,1513.3298527929355,1706.100431346431,1493.9396278878385,1480.9894598223746,1379.440751083056,1557.1052840613768,1270.2787463523928,1721.9517302246686
1951.0,1417.1765335336927,1856.8718759344279,1324.1665015569538,1661.493134303396,1436.4473721542026,1530.4183888688904,1433.208868611888,1537.5100879365618,1734.3452401679826,1357.2889982086963,1400.0941753458847,1832.060786450029,1427.8416851944144,1669.261951529711,1687.230622014695,1755.3835049792383,1345.97553706571,1483.6592620662486,1667.83722911604,1666.6600854743933,1861.955071274764,1510.4437713837228,1572.6059401441612,1533.964238402726,1429.1834810487828,1682.738454393449,1346.5412101228592,1855.6313214602078
1952.0,1444.1928105570967,1381.5851034234925,1531.4173947062727,1588.4794185315286,1440.6231253418355,1264.1782856267923,1224.5465585663537,1251.7532344901156,1380.2945338290556,1862.5120826846114,1178.2242911444912,1491.2937702613647,1356.1544621602536,1733.5159438610162,1846.5577692783972,1649.555041139672,1341.6863578441644,1173.858102527538,1611.3028191077149,1093.2673810801134,1547.8798570789536,1263.7734967906908,1438.938720001433,1411.104114382664,1263.8746939997163,1578.329528168385,1174.0764119583857,1840.9056780075282
1953.0,1349.0538946942656,1553.4249010707981,1277.7753798739695,1184.1744310298054,1538.5321948445749,1432.8833169255176,1452.725720227295,1693.4510383412544,1467.9113844990525,1802.596265057687,1314.630514199578,1687.6710946901085,1045.2819537959783,1543.3511466515654,1502.6284440248016,1453.56992889985,1542.750171099567,1157.227450789651,1536.9733016201096,1187.1547855122571,1370.492442104569,1763.4242027682121,1448.0765437600214,1460.7406566994514,1323.2363593232499,1543.2009027635659,1158.5747998016586,1759.925544546864
1954.0,1409.1021942552786,1452.3495209896453,1445.9045134351072,1587.0178023567498,1487.3935922300006,1659.6336515660596,1722.6611245938102,1392.6636185127563,1333.7423099799264,1366.0051419021897,1251.577243048638,1572.052417563681,1387.3710564541284,1353.9421070774806,1562.6192489570935,1443.1116288344115,1450.5828231870364,1148.345992992206,1653.7925219653812,1497.1274413035076,1680.4569384654944,1413.8039172630442,1466.8753094060737,1448.2436683110718,1388.6941969687855,1569.6941254120343,1255.6854963952023,1679.4157741205227
1955.0,1512.4098298582992,1414.8703396461485,1228.4022693310362,1521.4402820862688,1505.5979483656074,1615.7297738452257,1532.6668579750062,1341.2927008994302,1446.1673462722786,1236.8894131217644,1640.2267625739285,1382.308853329016,1310.5170395590649,1672.8904244959467,1705.4567824179346,1702.7059019386597,1373.9060239301755,1518.0663919825747,1254.7502610294289,1674.1100888831738,1395.7240508127882,1395.2082146601676,1471.8789798642692,1475.8826473189429,1376.0067312798856,1594.9640448776709,1237.7824555171476,1701.2761112858855
1956.0,1516.8596851419352,1309.4530483859842,1339.6579583743005,2078.680277336912,1630.2997873866389,1461.9083014965327,1524.2850961986378,1437.1306142923459,1392.391276808803,1386.489247506884,1136.3777401227637,1153.169688709795,1692.8354816000592,1440.2741400337277,1619.1817182082073,1593.1283597788072,1273.867954241162,1291.1978849478714,1266.908245315001,1186.8433087781113,1227.7635264386456,1246.0939776343366,1418.39987812443,1389.4402621578436,1268.6481725465412,1522.4287434344621,1154.853369713211,1689.7086968893882
1957.0,1497.2025834162764,1633.0810456501808,1865.711608920833,1361.731789591738,1171.6982722564012,1456.799257416101,1514.7424922675923,1214.013984757139,1400.3886557468832,1230.5495240600294,1322.7880231894687,1740.9459967878774,1868.9115617927541,1245.785974930368,1394.6628714973692,1445.7982772086098,1509.6063103988245,1583.380326134261,1298.8002520863233,912.0884368760642,1460.0320032873014,1257.2704433872445,1426.6358950754382,1423.0934664777465,1267.6528955620142,1513.4584468004005,1173.8140578814382,1859.4733283141852
1958.0,1459.5288982333386,1597.1147987588097,1708.9701461754116,1363.9616192968106,1275.2808154490936,1184.5979720273817,1615.5071042322504,1053.314958985294,980.8601701983775,1604.3458025363861,1905.0653024811254,1558.7557295196234,1806.363463228456,1581.7401302997496,1712.2241954668375,1462.9372888811054,981.8944235670696,1509.8863262860505,1160.7754851834757,1450.7888847967479,1410.3358747222842,1584.4918150319813,1453.12460024353,1486.411807583578,1297.451016411023,1602.538051591992,985.4654503379808,1801.656499840375
1959.0,1445.7997614362241,2072.530938042732,1428.1187265470635,1646.4339170058224,1261.0206038249203,1501.3429179490458,1598.78113571487,1241.8094440358232,1486.9926151350683,1504.0583598100966,1763.1485560991507,1290.9721470007526,1465.4915875893892,1203.9610689704218,1558.2159737918919,1240.4931931730744,1343.3075388040188,1806.2959513194073,1594.7889868714071,1572.110908182276,1281.7262216406382,1482.3815441919303,1490.4446407789103,1484.6870796634994,1304.0559949515691,1589.1194671991243,1240.559005716212,1804.1385815583944
1960.0,1157.3993186943653,1444.814318718295,1491.6520898997987,1612.0304695924006,1166.0362944473036,1526.9251150586854,1719.7590959926401,1598.1530460566091,1459.7802712832788,1593.1177116331637,1311.8540495896127,1518.2161680471495,1029.1922655295366,1476.8483934887486,1379.8565660831866,1683.815342852617,1510.8506720298408,1361.4988666596219,1526.295386166332,1491.3921211676893,1292.6283861477855,1715.2163541288871,1457.6060137848888,1491.522105533744,1366.088291515513,1576.569562489544,1157.8311674820122,1713.6463035650736
1961.0,1236.431250475434,1463.8445062188453,1308.7491726895678,1961.9839501425758,1682.396992536087,1289.065312582288,1720.8517440709984,1184.869120329222,1273.4994972571983,1685.6307201584095,1720.9683479703153,1346.6400376250363,1691.1094707302652,1510.6209416551878,1449.0683857431995,1375.6438523539543,1654.0215675531285,1505.1552977458073,1456.7342381613832,1454.3107846007842,1263.4224067576895,1532.88720948849,1489.4502184929938,1460.2893721901141,1318.221888923435,1675.3031362903475,1237.7808082895467,1720.9625177753494
1962.0,1259.5543967571023,1415.0008834603454,1556.7917802615284,1637.0182015971031,1342.017592864022,1349.225739249357,1193.110089442699,1547.11889813791,1451.7178225230282,1910.674988906635,1454.8471971044094,1509.051304585421,1631.0446337548,1378.599896383517,1775.5711799229725,1534.0937896171,1581.535382646166,1542.988906445862,1584.8291804355881,1547.0551676306513,1988.822851295572,1596.4766884497053,1535.7793896123405,1545.0220370382567,1424.180118226016,1593.564811446176,1263.6775565624482,1903.9197984574519
1963.0,1576.8740480842553,1624.0335428504409,1133.5790257472354,1446.6974831501375,1304.1632626323917,1409.2814293871925,1335.5834858018966,1256.8846958841334,1435.1063246571528,1558.2987803159256,1530.6900030557188,1801.1505195591496,1370.0251225617876,1527.3464286365283,1767.9469369152098,1385.6563187940537,1765.4841440254054,1357.147887356541,1524.8175042343632,1548.31443429116,1463.1286293505582,1550.5354746716876,1485.1247946346784,1493.9730667924607,1373.9329216198541,1556.357953904866,1259.2486242215464,1767.8237972707195
1964.0,1801.1218784838975,1394.096352120414,1688.22185646859,1711.663897327253,1383.6149852630524,1277.085073012364,1336.7264095567407,1585.370619786363,1281.0455016079459,1560.434623443936,1063.4749573071638,1445.779769202359,1444.8224530540087,1454.364972756673,1761.3646540954123,1271.9570166631172,1350.827542668567,1391.4490808359005,1519.7832433596204,1493.7527516310183,1366.5928780002773,1328.2430451834955,1450.5360709921895,1419.4594025872113,1340.2516928346972,1550.271778422857,1272.2134194805797,1758.8796162570043
1965.0,1427.458778448411,1619.1896795793268,1135.8247467478577,1584.472527927153,1344.3901044679023,1457.8131557180634,1312.1261317017172,1443.4670471803656,1311.030306627029,1307.7504705610068,1318.5845574256534,1357.3439088439159,1216.9345531947783,1923.3297377300005,1659.4139108467077,1155.4129212735688,1206.1203257260388,1663.7035438619023,1425.3919100799494,1440.0741007764282,1720.489060399666,1771.0590478899746,1445.5172966821553,1426.4253442641802,1311.304262895701,1610.5103916662833,1157.9482914961923,1768.5305485154593
1966.0,1703.969344328013,1673.4806436691174,1679.356042131883,1416.1493753479476,1323.000328344608,1488.5290081442236,1292.538070206308,1282.689610982925,1349.2189617596068,1344.3541810560475,1385.176462185338,1418.3216942848276,1352.2619708450748,1556.0419131067647,1625.4647353031382,1195.910992009027,1558.1848726058581,1218.7178214868254,2006.698983126381,1448.5501132396166,1556.2257461996921,1318.3457129520207,1463.3266628779659,1417.2355348163876,1328.338791522468,1557.6950910043165,1221.9164109616304,1702.7386792182065
1967.0,1402.9076020158868,970.49090817668,1530.9058255377295,1431.1686505933721,1353.2143618794635,1750.7546823116627,1051.931638558051,1370.539414378345,1472.831342586592,1515.5516512594345,1694.7199895384686,1367.850173750503,1329.1189275301917,1354.2715885863345,1458.4233585918216,1551.1471303722146,992.7632310729965,1403.4138504686325,1257.6434726265504,1495.3040766953563,1253.20246303462,1504.2162487096448,1386.9259358306613,1403.1607262422597,1335.1427861175098,1501.9882057060727,995.7216514472492,1687.5413465801557
1968.0,1468.649680964475,1467.3011109635127,1586.9120348639626,1084.0655381501165,1523.0210606753303,1329.4508502353722,1674.4436119605155,1373.7447635585881,1362.6021393190797,1438.0846791945373,1336.499099862806,1560.0677746462736,1545.9746040422715,1652.3070244704513,1733.1130774051294,1439.1520106518271,1390.9958041355474,1518.7232764856162,1450.5942821505266,953.4134876832468,1457.321409964129,1354.1677717939365,1440.9365951444204,1453.957846057328,1365.3877953789568,1540.2362182005363,1096.3348037543792,1673.3367825860123
1969.0,1287.0830070481916,1597.697738369095,1338.3537471081354,1809.0421272564015,1558.917186599112,1426.8267099671448,1611.9332302115395,1297.38987369617,1279.385305912269,1415.0459043007515,1718.6890885279922,1358.8726731472889,1301.3084798140085,1497.9413970874589,1493.266956154349,1460.50649357976,1752.7400372271488,1321.7526231478473,1426.8776922014638,1493.866314329489,1459.623100844567,1626.5320381599395,1478.8023511222782,1460.0647972121635,1343.4834786179238,1588.0026004265992,1287.5983503805905,1751.037489792191
1970.0,1445.9122767049678,1499.7688063758706,1305.4322117607712,1817.1639807205793,1170.598766930857,1717.2775723883346,1225.8392625232887,1565.425711869102,1548.9500148233167,1630.7462224268193,1299.8766881152633,1449.2858917823753,1416.201961737488,1181.9113880775149,1546.995947873569,1309.8675857906046,1589.9159278783475,1378.564039180128,1667.5689023289465,1415.5955195829847,1472.5153005846153,1416.3201853425505,1457.8060983999223,1447.5990842436715,1327.0416991379855,1561.3067876076557,1184.1077817998037,1714.7921388853651
1971.0,1460.3277943586818,1210.7198617026543,1393.0188972962242,1963.8764415263267,1285.6645254905573,1616.0235479668756,1314.010529893585,1376.1645501073872,1381.46712254363,1208.272107435704,1404.8702381557787,1320.2055226271682,1616.911067810861,1475.1213183198738,1912.5120025036758,1500.8610472401301,1212.7049193486635,1089.534625381566,1454.1091050315217,1385.6093399017254,1363.3057302013526,1425.8438218399306,1425.960641667449,1389.3141185989748,1315.5592780769807,1471.4229373295757,1208.3944951490514,1897.7319557690348
1972.0,1461.3976841159458,1471.9078984088526,1306.152991030231,1536.1253621135575,1441.305068578231,1409.8732457890037,1669.266626651901,1094.603363345857,1603.871343935441,1572.0924126714124,1231.491525886959,1636.7594882034382,1419.4164927200063,1587.3955415846012,1621.372580926788,1780.4139821991612,1433.3750643822627,1299.1413740572625,1871.5324508586434,1462.7816701423399,1579.895155138405,1576.858398320198,1503.04680550275,1504.0166302612051,1422.9061356355705,1599.752393347731,1234.8740182954741,1774.8566144217982
1973.0,1399.992743237118,1835.9052970190987,1139.9078926860057,1296.5551021668034,1264.7263771154799,1953.3704120652076,1520.9001000675498,1021.2124548476822,1434.6910112376577,1300.600981324851,1373.0950012888457,1488.659646285987,1587.23383244278,1394.6372968493733,1415.9104112619657,1199.0713380879924,1419.8867120601114,1238.470768930074,1278.5230336499794,1660.8500702224092,1473.393872306613,1437.3818290187046,1415.2261901896495,1407.951577249542,1283.0310507791855,1484.8432027911435,1142.866064956105,1827.152535679264
1974.0,1653.6220159922038,1309.7173099562042,1426.7924413438777,1707.798925734332,1312.655012686139,1361.367855873223,1515.4971104071137,1592.7563330632438,1408.9642412809098,1440.8865211054035,1917.808064500531,1566.1229827304396,1313.3432236004437,1506.9840650608994,1641.4253405245672,1447.620402601541,1484.381178532714,1514.0625164985636,1603.0122576659523,1642.5205815901563,1011.8882800075539,1343.3101927756725,1487.388038796895,1495.6826217968069,1373.266952225145,1600.4482765152752,1309.864195092701,1705.0900802472256
1975.0,1951.2836414557512,1094.4208688115823,1442.0629107487912,1540.1031718773113,1381.4320045529257,1195.9427480346762,1389.7190268661461,1607.9289309514934,1396.5312525661375,1465.165418873903,1150.2841654775493,1506.2838282579833,1339.601793787591,1365.613669405684,1672.985692019687,1443.7613920186864,1664.2942488924368,1504.546876920483,1436.0246775431137,1402.4055632686213,1179.3502343829805,1364.5076125978903,1431.5568058777922,1419.2151204058675,1364.7841267998388,1505.8495904236083,1151.7374689228209,1672.5511198633244
1976.0,1502.9867731683396,1503.4115317281655,1474.943728795597,1357.5099174544475,1169.1505597616697,1319.7473163663688,1533.2798791250468,1417.5205324500212,1544.4116093201815,1304.2594990090834,1497.645735898027,1440.0915066672496,1776.9283844322388,1370.5229862792976,2002.0631692713876,1746.6131047695626,1534.6092922793066,1854.569230448942,1291.7424973455372,1385.6188949048374,1534.7110046212238,1604.4643989497672,1507.581888774832,1500.3162545331834,1374.2969634356825,1541.9864581454422,1292.3683474287145,1850.687188148107
1977.0,1429.4488230609147,1861.736174602072,1243.2674549581861,1572.5210210597197,1601.6522576996124,1090.5008522426726,1388.8025967514523,1352.0438305810785,1520.299433429534,1634.0525174141676,1290.2752064122,1154.6361343323574,1502.6059324234666,1397.5405713811406,1696.804098865526,1392.619965735696,1392.0259693934838,1395.2950805024557,1363.955448772634,1009.5586448640461,1426.5979326999854,1663.4407247860368,1426.3491214531105,1396.4178259417981,1355.0217351289675,1559.4656241521734,1093.7076163471568,1695.1359301615514
1978.0,1304.7359331808009,1459.1275418529967,1366.0329006981556,1563.6590097836631,1565.6848756235718,1356.3796455760269,1762.9941315706133,1422.7153917251599,1442.291809620258,1849.433793480648,1066.5214318391918,1681.035263441163,1500.1585542146386,1327.3482368055738,1728.7441323187977,1750.758948287421,1307.8000893981482,1502.0432164980775,1376.963802484443,1509.3218155758223,1327.3107967785336,1123.600924553989,1467.9391929685314,1450.7096757366273,1334.606088998187,1565.1784091635946,1132.6576749853295,1762.3823724064537
1979.0,1503.587514837767,1057.629924025366,1292.6298401179395,1617.111245250618,1573.029204020213,1423.8703490575942,1435.32501500883,1627.8266948429064,1703.6414429458318,1277.2403925512008,1394.3909646382963,1624.918095649116,1398.506496963546,1518.2984636751578,1783.0388930979404,1151.6174602130945,1897.9863862258499,1686.2495873522334,1344.4315533346412,1486.715449156145,1443.9634432667901,1555.3565861271636,1490.7893182890111,1495.1514819969561,1395.4198477196087,1622.9663830494915,1157.8986068299998,1779.069020590335
1980.0,1375.1428667677544,1437.318385184544,1380.765360788223,1143.3312447606795,1290.0738265197106,1638.8481646459923,1496.9562970640425,1857.4282256497554,1455.332549916443,1039.3517357553435,1537.027338705348,1500.4540635924513,1964.3375350623387,1999.9536823284643,1634.6398321416473,1325.4703927165792,1690.625392067824,1360.2233819925914,1295.2585628564577,1563.5195160088983,1499.9601553638058,1418.4778273462257,1495.6589244197785,1476.1444234902428,1363.9532531863822,1616.8597531084602,1150.668373848631,1958.9920695917094
1981.0,1360.5744124791372,1660.702383445758,1688.8881888335163,1202.9790375081802,1285.2507631273056,1619.584322613457,1423.7462867373438,1686.9854047442232,1548.9081799662245,1543.4517867596526,1562.804600244806,1385.6915322556147,1517.7673355325453,1307.7422963131362,1503.8790196374641,1305.881855159049,1362.4410193479932,1547.2632165094865,1508.9426671349743,1431.063687879805,1662.780317931356,1207.4851721520986,1469.309703923324,1506.4108433862193,1361.0410641963513,1559.3304951751606,1211.373451700859,1685.7751504035798
1982.0,1356.7597125088073,1492.6298341324866,1221.2278846278423,1547.3576240791203,1442.9006164988323,1472.7832333882134,1303.152348600125,1429.5762051382553,1546.125231000346,1332.0986512813683,1012.7474718332337,1243.8506883711625,1600.0301107320524,1413.849826584675,1753.0620215765555,1286.560975911243,1307.940627526726,1548.2047252156462,1271.7006799222722,1473.4596062919081,1375.9089564761098,1802.4992286156248,1419.7466481960275,1421.713015861465,1304.3494183317753,1532.7513817833812,1222.3590248150083,1745.4104260343302
1983.0,1457.828933178726,1292.2350449908663,1439.4455574144558,1243.4378971894205,1262.1718983943083,1601.85958028256,1148.9782088624054,1480.2035899981092,1601.1666846807884,1399.0679763046217,1653.128499342526,1168.9069401553638,1148.9003088992022,1438.804054484217,1405.3305227956694,1562.6065317088205,1040.651624076652,1607.1657944819435,1486.7558007005869,1437.6108719884087,1280.697386807421,1204.0920347393396,1380.0475337034732,1421.470697392039,1248.1213974906425,1485.1177480249676,1148.9042038973623,1606.9004837719745
1984.0,1369.060750015501,1390.9260652857483,1603.9370704107114,1286.0335638220988,1473.4441051492922,1235.2066188828076,1611.3240689068448,1560.1481705009064,1501.2957884979712,1675.4902414226535,1045.1891447739683,1224.1203243108089,1275.8581427758259,1436.4908249608675,1421.4703122473736,1348.2069635809864,1252.9158168147974,1441.3157257584317,1733.931659446722,1479.2240034159931,1171.0619392432136,1387.8820395615776,1405.6606063538682,1406.198188766561,1278.4019980373942,1495.7778422274766,1173.7148584965935,1672.281932796863
1985.0,1756.3748964185038,1192.979099621482,1228.5888446920467,1582.3580134466433,1419.4152396542336,1612.5172969709638,1361.374470088063,1301.0287647087353,1397.9061899153726,1508.641705078955,1872.4120443771192,1557.4876372249264,1346.5699587718518,1175.9065095353549,1801.2152871052185,1552.7796633811136,1636.9566616825055,1604.0843888864401,1256.805190315464,1395.9989935503954,1330.4203859389588,1012.6543872356422,1450.203437663636,1408.660714784803,1308.3766700162912,1598.6527950264908,1176.7601390396612,1798.9732675708829
1986.0,1384.3319492405612,1411.0982288125656,1074.4460748209804,1339.9015511305322,1606.5479231451036,1667.3208065404765,1609.8351747538402,1628.5941442166404,1559.7124690850194,1321.8237203181616,1430.7720589759442,1346.2687800130425,1503.4172980470885,1298.9073218331966,1359.6614790909712,1185.9348647596562,1571.8668614844432,1432.3645714127451,1609.9255002989255,1631.9998779026719,1754.1254943638023,1559.4927394606998,1467.6522222594122,1467.8909347299168,1349.6169547825248,1609.013361851656,1191.5834876133333,1665.5547601085862
1987.0,1639.7162329302867,1650.6773791382614,1691.6030515322745,1581.793045027274,1442.390355398004,1252.6327748243375,1889.498685545982,1626.734889879208,1280.8964805342441,1219.6440696307632,1515.8602359798733,1528.583725545809,1728.6397155979103,1482.384759564134,1405.5671060832392,1564.4373815721906,1630.2065233083417,1404.1102618593186,1218.8086374816776,1390.2291092663745,1436.8184170571908,1283.0064787535264,1493.8290598413735,1499.1224977720035,1393.6993974146105,1629.3386149510584,1221.293504890442,1726.7878823946285
1988.0,1291.4406011356277,1361.8282826449786,1404.538724154645,1301.284303033303,1508.6883380282522,1141.1690443156488,1503.0734187533312,1475.3032662342662,1651.2876186940957,1302.7215588909655,1296.5978277876047,1317.6696468921307,1488.8033728008622,1320.6969441184185,1546.8672230081513,1785.015320709067,1345.0144744507957,1584.9505714922316,1720.5262687917877,1976.070197431818,1163.716662020326,1419.9982398603993,1450.3300866022141,1412.2684820075222,1306.4585808912568,1537.3225017631767,1170.1028589760913,1781.790868113203
1989.0,1268.255263044142,1429.792270972996,1558.2203532985204,1175.596024479296,1510.6177358896275,1588.3081393499708,1577.9838818455564,1568.2911370304282,1546.6606035462064,1468.9289445502482,1456.6826886472427,1588.2980502701912,1388.8547994253543,1453.6371938078616,1637.7931447573192,1512.7427794841594,1612.2990479518685,1671.5348131835526,1071.8860933522649,1228.578730673138,1633.8074295761237,1340.24090069438,1467.6822739013842,1511.6802576868936,1399.0891673122646,1585.7195081640325,1178.245159788988,1637.5938589982593
1990.0,1690.4989322242286,1471.146826701325,1503.1928614140725,1392.4883545633293,1583.9967373054549,1657.8350482048108,1719.6749515151168,1506.689503474513,1382.2056786095345,1246.5696179398208,1512.7147228430658,1531.8165520322584,1786.257763544836,1338.5358463471448,1879.8244904570565,1607.3226679165828,1640.3070647069612,1429.7215295392675,1589.8396024747663,1461.2880756923516,1654.9798531539523,1598.967940714806,1553.9033918806933,1557.9066446688566,1463.752763444595,1651.3116560422045,1340.7193379602643,1782.92862294335
1991.0,1583.3879180529323,1243.4989868460434,1171.4186437822718,1840.8780933640173,1733.6200689389937,1280.232598652801,1395.9273757892277,1694.407791764263,1439.0812701079692,1315.6664469500015,1537.7886894303856,1275.43873255039,1368.4179439120896,1713.4076276039423,1715.5576597650197,1545.3862640212947,1496.539312389066,1570.9983893752906,1430.4546113989445,1445.691502874979,1648.586878331048,1676.7543521447237,1505.5973253657132,1517.164000909726,1375.2953018813741,1669.712483691305,1245.0959741312608,1732.7169484802948
1992.0,1442.2733864706856,1509.345352943947,1650.5127689926894,1059.5578772862382,1510.4237704698762,1578.291700926502,1482.9059092584387,1557.9611115625767,1374.918166462544,1199.966726334202,1603.0328613664387,1484.593002566605,1782.966925101232,1367.1615298001143,1404.4662834654373,1548.9065905437428,1252.312061579346,1422.305559203346,1440.762210937075,1161.8911379473248,1416.1954512253715,1066.3387627806628,1423.5040521465633,1441.5177987038803,1369.1006889657217,1539.2858855252762,1071.116381538996,1648.1387736113768
1993.0,1440.9419285794747,1719.2342544338812,1611.1814791705,1332.1111077671758,1187.0881812924154,1529.201050806978,1367.5054364155812,1456.334759159654,1384.8504454524402,1390.347546577891,1792.6212488747296,1225.4540489485862,1557.9265338045502,1690.568236932313,1821.0514562376384,1589.1837007328036,1213.6032791012483,1372.9901915475693,1608.7986882052703,1462.6272880661418,1069.1760002797766,1196.470871320119,1455.4212606230337,1448.6383438695643,1340.9596899292771,1603.8949413371536,1187.5573157938006,1788.9518991526872
1994.0,1517.0781962069982,1208.163302741042,1327.834426833715,1629.93260671354,1312.2567236156783,1684.9232922195313,1542.6893794433909,1623.8331739891237,1328.4231482551263,1741.2743632082936,1564.3317563942617,1526.3530389070638,982.5607939698696,1506.6606880734525,1763.068114317526,1412.9442839542776,1471.3912303756956,1481.186552989675,1287.2789502419962,1529.4607778008035,1303.1573883829878,1813.899286481173,1479.940976141601,1511.8694421402254,1327.9816071890677,1608.9578195904082,1212.1190851160895,1761.9784267620644
1995.0,1459.5301671549976,1412.639236352021,1744.1011160771154,1237.6182475594305,1356.7067695987191,1841.257745459967,1585.2302080899108,1350.3299663629946,1343.1820335204065,1425.9178650661624,1381.698865904102,1056.1668211827737,1307.7889992803098,1238.8159511273443,1637.5758624496084,1304.2906647769569,1658.8655484430915,1303.7155443549636,1637.4822164718316,1469.8840368514311,1485.9692240806085,1395.1961535936277,1437.9074201708352,1403.9176949728244,1316.6372578403339,1560.414962087585,1237.6781327378262,1739.839337695414
1996.0,1365.4428931980192,1860.7080132925603,1589.4163342473803,1348.4810854782381,1159.826985922109,1073.4254236858646,1344.6723466393223,1630.1964389582508,1462.5147603785194,1328.5906403941453,1369.5697541180095,1294.065330492981,1386.0863482059126,1317.1415669117082,1639.232741036665,1306.4084768386508,1606.4818707033792,1500.8179372647646,1438.6246103270964,1315.0539878922473,1755.6323916582485,1990.9598792847646,1458.3340825876744,1377.828051161961,1320.0038352823176,1602.2154865893795,1166.5389031506527,1855.4542322108446
1997.0,1532.9107536558865,1254.4671871243763,1555.2861508755996,1497.0508362571309,1713.5470879664836,1556.321266999538,1127.8885638785341,1420.7698514942763,1563.483877941067,1435.4496916250355,1611.042455376858,1631.7922813065024,1396.6789991279256,1319.3846428990469,1712.0250941767376,1644.5634324609955,1723.6046542116,1145.6762423792043,1695.6426082420678,1840.8242784435743,1398.0265423467024,1546.6725902600615,1514.6867767749638,1550.9793705678305,1403.712369633596,1641.3706446723722,1151.115789616463,1723.1017758993441
1998.0,1481.047768619439,1584.5788442598632,1645.9974162843537,1319.592015022181,1492.7215531608908,1664.6257247949904,1577.1089812197033,1376.7137547887614,1664.3406873226581,1430.9833128904784,1210.9365376405435,1798.9018869703727,1471.682671831445,1337.9281396532178,2020.886384614706,1773.7369784135524,979.4914469126396,1272.956591934235,1649.6486225588683,1134.0700194254623,1504.5605409452492,1414.7120035714265,1491.2373583106832,1486.884660890165,1347.6245434371037,1648.7358209902395,1137.9133453362165,1797.6436415425317
1999.0,1323.2242658375924,1361.1379016251703,1273.6559075653531,1261.280203102956,1295.9545297489967,1522.4172491254535,1490.2749320019097,1576.304411998217,1214.521601192655,1368.4710635424608,1292.0340446098805,1755.9203619896437,1475.068490350668,1323.386109310475,1635.9983986417478,1601.3098948954962,1292.4938878367243,1733.7889637919034,1106.9767787443334,1402.6543917702838,1302.3047331826547,1560.6020884186364,1416.8081913310552,1364.8044825838156,1293.3590483147923,1551.0558785953408,1216.85953128817,1728.8994355343955
2000.0,1243.6178940950185,1627.427138719986,1567.268568468353,1480.4716372857456,1394.062407934507,1519.5013257351434,1836.298755049006,1790.2833899444886,1605.1342934733384,1526.6335547199333,1734.8057073017173,1490.253131184528,1507.6234643284895,1373.197005147722,1838.048346217683,1421.8105768286932,1192.3007047766605,1725.013486377702,1210.0187307239707,1273.2907650943162,1535.429593239337,1115.0355747018068,1500.3420932430972,1513.5623950318163,1378.4133558444182,1621.8539274083241,1193.186606074026,1833.9979867937802
2001.0,1091.033045870745,1373.021561614817,1534.3695126067814,1563.511835772215,1630.5467953124626,1255.4821607979193,1200.3745262006532,1647.2922592728708,1228.394671614609,1806.474626662191,1497.5255304241962,1714.3867824355766,1391.1009860250942,1597.9051188944936,1826.2859462710994,1207.254974561829,1612.0069772054976,1473.7351662691253,1258.505293946817,1620.6390249774813,1689.3138283411176,1398.7766561558942,1482.6335127833402,1515.947521515489,1287.134360863817,1628.0698527287173,1200.718548618712,1801.8702344508602
2002.0,1797.5749147094803,1623.130613284394,1701.6813718520098,1424.355477413897,1989.5311105495693,1443.5119486758026,1335.0474683139396,1129.7316224964106,1648.0587010782529,1785.1984648130838,1417.433567330346,1442.502397076109,1214.6558466558872,1535.573467755951,1927.6183568510678,1175.9036597430136,1270.5413155324948,1415.917501666604,1642.4226109005347,1442.534250388212,1185.7883415108518,1281.4967297638418,1492.282260834625,1442.5183237321605,1294.8844144013663,1646.6496785338234,1176.3978938314056,1921.1161847439882
2003.0,1432.1863931533983,1586.0727090709674,1457.58474968587,1191.5164239532942,1429.1419862502607,1425.778762516984,1250.4695870868318,1339.1264790275727,1575.0675676916785,1510.9502371425776,1615.980636001234,1344.8993640138085,1523.9491068907228,1227.9647383878994,1518.7533491331474,1682.1768269216307,1765.7466330891766,1701.3814312603245,1574.9935348054955,1356.7506348292454,1450.9030236530407,1500.34337868737,1475.5335251478423,1478.96406418662,1374.00766675118,1575.0490594701328,1229.089980822846,1700.4212010433898
2004.0,1442.0590853268343,1515.169271390252,1319.1688304631953,1309.0420704517783,1555.0434887323945,1188.4966328965675,1455.095737164993,1610.728198124957,1400.2485398799422,1214.5118427738907,1610.660397146762,1468.7040308013366,1470.3752777312134,1178.7780468970814,1858.2636630557301,1474.3092766603013,1954.554056303824,1536.6970567117278,1243.5557980120868,1614.5446053376872,1620.6604346582935,1845.477189305143,1494.8247059011812,1472.3422771957573,1339.4387578173819,1610.7112478804083,1189.7973933904336,1857.6243393682007
2005.0,1383.039305457291,1393.7409441060481,1451.2744628571454,1521.0761785844113,1304.294244491939,1312.4390462051906,1125.8932249208442,1427.6022282208942,1403.329607718353,1947.8959912662374,1450.644976662366,1259.256311185436,1417.9296098953982,1714.0460706979184,1464.213173449416,1559.9998357100048,1447.342283615076,1484.7097656305777,1423.0218741608012,1753.8605937418652,1642.6362531331563,1489.6177723313826,1471.7210797291707,1448.993630138721,1396.1381100091244,1513.2115770211542,1261.5082078507612,1751.8698675896678
2006.0,1588.157213252265,1390.2391694476314,1552.1826628373674,1471.494054183762,1734.5766262028974,1297.9486802200654,1531.0987793708648,1463.6965804984811,1549.4818198533424,1414.2168440196656,1756.1268014324128,1501.6077759006293,1404.5123408477139,1920.8754121848167,1753.6831680552668,1359.1990461309933,1176.3844306478568,1407.1357523470397,1257.6493123363862,1452.2562089031908,1340.3702231823559,1677.459780731283,1500.0160310266494,1467.5953173411217,1393.807462297652,1579.1635756485405,1259.6642807305702,1756.0046197635554
2007.0,1461.028109803408,1645.8445691192082,1833.31954527157,1342.8917470756687,1713.8712404579564,1468.497822893282,1518.7194643229986,1355.3549998156598,1647.9317794247777,1267.4350432919027,1716.7998823533285,1205.1951689457212,1475.4975766838015,1338.0668881574366,1877.4374023778269,1232.8046395861677,1272.8778694486086,1343.6225385607486,1437.7889691747896,1607.1117676456652,1744.6292332979056,1417.5844470242112,1496.5595774878473,1464.762966348345,1343.0744449469387,1647.4099768483852,1234.5361597714545,1828.8850296728867
2008.0,1228.3099142187425,1518.0011519130233,1330.939900742078,1622.1628752677475,1642.4057098696494,1850.071825891348,1716.461441336827,1466.028046887186,1551.3398820647326,1483.9206573940828,1465.401986540786,1561.6441942799781,1464.136994986029,1208.5640736542402,1724.4368132202048,1759.2458949117058,1294.2943646807346,1324.1705140181011,1232.5407342405526,1377.2927398285901,1554.7026652461227,1330.5079958118768,1486.662744409288,1474.9743521406344,1330.615972044427,1607.033205020805,1228.5214552198331,1757.5054408271308
2009.0,1552.8077068831558,1211.486307297389,1613.5604006246374,1474.4482797325986,1959.896408372081,1322.7973822690728,1538.8431546539778,1337.3074860025554,1563.829464848817,1500.4334446046926,1289.4566997917764,1488.4466664799334,1500.477480883751,1614.4864905734735,1682.6043488916316,1710.4590831780315,1723.5983090107682,1342.8104481840307,1600.5356941199566,1601.6444146111553,1757.7336384876844,1471.30709683519,1539.0441093789254,1545.8254307685668,1472.092392559542,1614.2549680862644,1291.1237339156412,1756.0268720138386
2010.0,1634.800380040722,1482.7328388458454,1582.9321736083557,1151.222044194114,1676.7902206045164,1553.821295272536,1078.0552402412923,1407.9854926869302,1407.0163219888798,1380.6431255289199,1431.7955547378178,1677.2985746951917,1426.1410771958253,1363.0820917171604,1383.8291453103961,1637.550005445172,1757.05809246613,1630.4195771404352,1371.3489769418402,1246.2021257395918,1610.8600738160028,1392.1559339471628,1467.4427437347656,1428.9683159668216,1381.439630474289,1625.529701309327,1155.9710482713879,1677.273156990658
2011.0,1685.0401996778373,1388.2070227403901,1685.0103457798468,1753.6675920167738,1463.0038967996143,1348.6852635842638,1615.2501218261339,1217.6876570676995,1462.456429070096,1788.732478938391,1245.803150316192,1606.3333678409435,1588.8951647888916,1624.5031405862164,1786.1484554041463,1353.2110933841523,1354.4890937222974,1763.3191936022286,1345.131250480918,1550.1139468994097,1391.699823250508,1227.800936017934,1511.1449828997675,1506.558921849512,1353.5305934686885,1669.8835444814392,1228.7010467328469,1785.0069923140504
2012.0,1499.3359951340715,1617.8106349809268,1393.5948828408982,1377.690597009979,1281.1779241128306,1290.2897378431676,1521.2009309432033,1665.2476704680907,1482.709442977358,1730.8302105181838,1514.8534289650208,1479.3297812612536,1762.3264186596543,1863.232933233828,1540.5523529380425,1314.4557550899435,1245.4840444680144,1549.0541852496335,1787.547490861985,1371.0164350640298,1064.8352156822539,1202.9766110720657,1479.7978490624746,1491.0227190557148,1328.595925083465,1600.6215225481035,1205.1019827418631,1786.2864372518684
2013.0,1375.1812855361322,1464.3607327156587,1490.6657953712283,1119.664223906807,1950.160427998327,1590.5385980046972,1548.5025662051053,1352.2156088352915,1564.8527603445928,1124.6161995892066,1569.7171897940223,1510.308935387991,1334.886435642352,1378.2239249505096,1472.1065414408736,1400.4599533704322,1316.9914573639403,1281.1243661930803,1669.4212805004383,1693.4677956716769,1807.6375551396495,1371.591658925763,1472.1225133130806,1468.2336370782662,1357.0596213579095,1568.5010824316648,1132.4416079194004,1801.929067166251
2014.0,1464.94375287985,1467.0575615181142,1603.5634729981211,1623.6995277257492,1180.1486767302094,1484.1021444032094,1591.6223480884582,1410.7872749206308,1420.5504457684967,1180.2103717567434,1551.062013080491,1414.1151495380427,1535.3725307529658,1286.8865272506014,1549.7201224224848,1535.8306925332722,1547.3183546468952,1182.075002199599,1355.8101176320406,1482.3975107910883,1524.0965616232302,1902.4449061722842,1467.90068479239,1483.2498275971489,1411.6192435749838,1549.1196804785873,1180.3036032788862,1622.692724989368
2015.0,1215.5706992240093,1103.4836383243742,1243.2348982580152,1327.1365628737385,1590.150358841447,1674.0085103425486,1556.9488389467153,1802.2441608900408,1463.8244635753836,1305.6361447173736,1595.7540757112206,1432.238012841276,1722.94958660774,1366.7063517544334,1386.5331755280754,1398.7079847587495,1285.2859111023959,1515.8161224981995,1379.6976887155765,1398.4998476254418,1692.7973974710185,1571.6624227881994,1455.8584933361803,1415.4729988000126,1337.0290100939123,1585.5283748281352,1216.9539091757097,1721.441977150904
2016.0,1403.0843852726434,1102.6294481230698,1863.92290802778,1521.9057826162953,1689.9276034005538,1424.1996164980947,1453.130531640818,1557.9218288780794,1253.8477740276967,1593.7243663788308,1647.208368130198,1548.8814028373326,1679.223428829016,1621.1148685135242,1907.6920502449004,1410.2883223896015,1464.717300364039,1642.3407365504318,1406.5504963542412,1339.8235533248653,1387.8325438486909,1779.3979174330389,1531.7893288038065,1535.393592726814,1407.4849528630812,1645.9914602352565,1258.1465629925551,1859.696658498043
2017.0,1602.7750587548155,1508.4989290755252,1283.1636073795153,1395.6728957243158,1808.2044025149344,1674.3722770617978,1356.4606714144816,1209.9424904877537,1908.6651115575648,1418.4939226124015,1397.228993644339,1651.6672863190252,1676.2289908070584,1726.9828347649536,1437.9103632042588,1884.5363610939874,1543.6597510030851,1562.650142564189,1551.7057248176654,1257.1087002511376,1142.2425137618206,1472.5309402497942,1521.3955440483826,1526.0793400393052,1396.0619202043217,1668.6960293761047,1212.300800975923,1880.7197631650347
2018.0,1513.0641049480025,1534.705754447782,1555.4184417768283,1850.577179486197,1441.316191099554,1760.083660718692,1591.8410651806653,1289.4474509587042,1458.915539616757,1835.107557324278,1272.9323286103472,1334.3943180199744,1319.766135199734,1428.2320408905207,1516.2573372835307,1687.9185416146015,1682.0887155783307,1555.9263894984724,1396.624741670621,1370.3957226328157,1473.9863406312793,1392.2958856260038,1511.8770655824408,1493.5252227896408,1393.3780996371581,1582.862396260117,1290.9633851707556,1831.3563624939989
2019.0,1604.8829199683184,1734.8854746069264,1312.5797153500287,1448.7780905674867,1520.978259189144,1459.5142851844748,1151.2594697925679,1628.5842354749093,1589.0851356759192,1819.8421035167485,1604.4104685083937,1282.2620515907715,1774.102771037775,1705.9596508355023,1621.1317041485622,1226.3326208735577,1397.0767574451913,1367.683916657188,1305.019537257082,1252.6988680570867,1824.601547431314,1735.9814339850118,1516.7114098706347,1555.0316974325315,1326.3557656768185,1686.615796995354,1227.6509332327341,1817.5551368927997
2020.0,1452.1890417393024,1392.1779096714192,1417.7118314761515,1232.6128242374239,1284.7676255252395,1412.1248752408774,1226.456800124197,1369.5275513000524,1596.780598255762,1560.213439645338,1925.7631404405402,1728.9773800374937,1453.7649530082263,1854.3467923614344,1812.20140098676,1558.753557158849,1434.0457400087857,1687.8498819487959,1560.8125589323195,1279.7270596075577,1305.522896309435,1756.7580734415174,1513.7766332480671,1452.9769973737643,1375.190140892894,1665.0825610255374,1234.9685360059307,1852.2395227927007
2021.0,1292.4029953892614,1684.231648418995,1222.1974596194514,1656.0430418035708,1494.6871572571083,1597.1554700612444,1474.6153882654085,1308.2423621273847,1560.7250956595863,1409.2797864475074,1577.557412249651,1342.7707738285562,1612.4393462739818,1416.8027064242779,1715.2656519446352,1469.7835085456745,1416.3657251917286,1271.9517767121033,1691.8642173871306,1367.459525780032,1257.0103353946536,1664.3267920575852,1477.417189856342,1472.1994484055415,1348.9429618164252,1608.6183772207974,1257.757407460526,1691.482588938724
2022.0,1369.6309944191341,1272.9638798826077,1778.0215697515814,2060.638055715708,1669.151727653584,1190.9554995720725,1433.9458199608828,1545.986026638593,1095.4146975726417,1617.1525564677722,1608.895541033418,1180.7724872945528,1561.1296767122078,1703.4563913071538,1637.5356415236768,1574.824495292171,1735.975749163918,1419.1252511299808,1396.3042515712402,1718.6302214884165,1448.3768790377724,1834.4775237841873,1538.789315316967,1567.9770860021895,1402.0095014609253,1694.8802253937613,1181.2816379084288,1831.6547260825569
2023.0,1636.9832506152761,1488.498775640005,1494.438987481908,1639.8446064396708,1461.0721319645563,1648.1493121869107,1413.6987614511781,1616.673306763505,1304.3096833402956,1414.995777492345,1487.3304055869596,1713.0235797686169,1392.2787251461955,1703.9470390599035,1866.7331694565469,1471.2386402794637,1931.046895225979,1342.7608883042467,1881.0874396797497,1424.4180319842144,1792.1322734229334,1695.2106094860937,1582.7214677625707,1555.5561471227065,1433.5815569792999,1701.762931666451,1345.2367801463442,1880.3697261685895
2024.0,1395.8948842140117,1407.209977276193,1322.242185696632,1590.9371823402182,1404.4580928885011,1171.188020184485,1488.6423228651581,1978.3849853663469,1455.2160495337773,1838.6441161728271,1429.125560679904,1387.7403479954367,1490.354799576403,1794.9596770299195,1785.807717159274,1322.7998189107325,1608.8278878247559,1601.3410292610843,1461.6224574213325,1531.6469146273448,1412.2561283978284,1558.915302811829,1519.918884465182,1475.1323901432452,1405.146063985424,1598.7400675308677,1322.2700673573372,1836.4598942156817
2025.0,1512.412925846661,1455.109055214939,1461.5684792840511,1491.8797500743956,1440.6909189254975,1170.7191826564558,1573.8010890111582,1291.4101543385186,1226.1208465329275,1481.2666356324257,1329.8594562603735,1604.4632217441062,1379.8039605550457,1678.4118192676474,1600.4941551389747,1342.7172607167904,1438.5345432652557,1320.4247394206732,1309.219374582873,1504.705179472785,1352.0290553133236,1365.2064248065017,1424.129464911881,1439.6127310953766,1333.0739073744776,1501.4988221231877,1229.3853119232072,1604.2647684138497
2026.0,1663.8064650643173,1402.3946962518469,1624.580472222351,1430.9544979098125,1557.4787067053194,1370.1085517975825,1747.5697671992111,1637.2930885177084,1548.3659125947383,1610.3410487235237,1636.854769604281,1582.0713421341566,1184.2242385036627,1569.5181850524534,1749.137336724665,1729.7537489464503,1560.5869223376503,1026.6402974675657,1708.4656992281195,1638.8705914713682,1210.9881231272482,1272.1236332941885,1521.0058224944646,1575.794763593305,1409.5346466663382,1638.4762157329533,1185.562432734842,1746.678966286573
2027.0,1433.6536527951453,1232.9372686913189,1574.9011760832445,1791.896441665176,1839.9335261777196,1775.692603797702,1433.2597875023168,1093.2588340387156,1587.1105667584516,1460.7856937201177,1799.3092031200263,1791.1139613794262,1630.3851714013774,1413.9619152543617,1673.2173744406919,1335.2057280572212,1338.6800855296692,971.9504358116865,1458.1632107962164,1440.8876355295915,1313.7410433695322,1603.904697030498,1499.7250005886456,1459.474452258167,1357.5005429608423,1662.5093236808632,1100.2427557713459,1798.9385650472836
2028.0,1451.5462998721744,1905.098531329611,2110.890636169836,1750.584086642641,1308.305941182909,1935.4552834114884,1720.9855711753278,1391.7421296436487,1320.031086801282,1377.500736463162,1663.681300214556,1541.8421732777915,1146.7469299600907,1620.3844057891047,1772.5397779643563,2119.4030101589874,1474.4679657009228,1421.248447930384,1332.7091497217707,1398.4253360588355,1422.3600578089872,1682.082744331899,1584.9105273458983,1508.1550694893572,1393.4129312474454,1743.1844577758127,1308.8921984638278,2102.1188685319185
2029.0,1514.0062484158648,1707.3075345977315,1378.2588402276815,2061.934280126229,1361.2952099739175,1120.3518563977354,1966.8063797039451,1494.5310181450623,1317.8738419776494,1407.1437818191669,1400.6243372537888,1758.0948046933372,1365.3184492628498,1480.7552690107768,1924.3297411708495,1398.1015855887676,1355.4308281429314,1539.7234134427435,1780.5181743243866,1436.1627622821743,1729.7849911202775,1599.6269584500624,1549.9081957330882,1487.6431435779195,1383.219526567953,1724.165626989641,1319.7516912859135,1964.6825477772904
2030.0,1711.1011643647594,1636.0340122588198,1643.3322994492414,1431.2277857983418,1547.5252064553843,1451.9370976995788,1490.5379578647853,1196.0476854197423,1683.0601249710412,1428.886430924368,1570.2568480211964,1615.0406318375872,1573.9948473628829,1425.7919643484456,1659.8648444229775,1175.7480011510552,1457.0773033345122,1218.7256096064914,1524.1087097474776,1571.3462382529542,1516.1104401252373,1617.7770198530425,1506.6151010577235,1535.8169581014308,1436.405113773651,1617.0929228491786,1197.1815816290798,1681.900360943638
2031.0,1716.671518395168,1564.4473479219073,1262.5510601189944,1427.1035326871042,1710.6385563853223,1282.028749158576,1721.7683616012664,1540.7139804980943,1274.0021927826092,1293.1309535207447,1732.0046541551562,1714.7119218122725,1502.9804081530983,1721.9795561162755,1732.2201468054068,1055.7201681957167,1431.2911831835597,1458.4801544831407,1202.101852183381,1160.4690104152496,1893.338580448176,1155.831389290313,1479.735694468706,1480.7302813181195,1276.0088318766009,1716.181619249444,1156.0632703465599,1732.2093721728943
2032.0,1504.0527034448132,1880.4902460984047,1302.9833029397878,1308.9900440202314,1850.3998207650668,1522.077647917422,2008.1070997512825,1736.4254092787633,1535.9379003342099,1535.5570662465652,2083.8955929814747,1667.9806368379104,1434.2443402055153,1571.729721136674,1553.0579172545192,1489.2519486473589,1241.987612061596,1358.8233425350154,1467.2447489920771,1571.6995790297005,1706.7641547617313,1516.1329648644823,1583.9924454593004,1535.7474832903877,1472.7465489058975,1697.068275280776,1303.28363999381,2001.7262570686385
2033.0,1683.8594375039393,1600.5914608283404,1353.7374102516424,1605.1531629273313,1108.4590177000678,1061.0502734128659,2007.8294332372961,1576.592990615245,1378.2122798772775,1281.0402622120364,1577.488148103987,1534.1293173994927,1299.7363047911108,1505.431528429574,1804.7670563665044,1554.46605366526,1601.2311405669993,1169.088083760107,1967.4067775622743,1528.3679368231105,1719.0846560235514,1677.977157662724,1527.077267714579,1565.5295221402525,1359.8561276580513,1659.771158978876,1111.4904710030698,1959.2747915024856
2034.0,1960.8561966142915,1565.3115974922262,1050.9399711234437,1288.8278616740195,1462.9990150670665,1485.4541534124564,1372.451096402341,1919.7178420565706,1777.7358073303162,1596.4292222893846,1630.8024254413112,1159.4548369864924,1617.8403197621265,1802.8679409164056,1733.068048795557,1251.9140287655205,1304.982480719901,1835.769124941453,1969.4992943261248,1248.9499068803639,1678.2771529004378,1279.6753028911219,1545.1738012176786,1580.8704098908054,1292.8665164354898,1766.5688676966265,1163.929590481186,1958.7992788864055
2035.0,1740.2088038756974,1827.1411155561054,1458.1789158952233,1526.1359927210094,1340.4779841274712,1964.571821850376,1545.7685431601476,1386.6622798894696,1466.4996195995855,1468.1706970690357,1364.1072364212619,1579.3519773923208,1725.7051316883008,1499.559820614519,1492.1751537452626,1806.9379568713089,1357.6708381059975,1376.0276636742674,1220.289497713327,1566.4474076447646,1870.2924622155235,1266.6397738973728,1538.5918497149248,1495.8674871798908,1378.686317728068,1689.1168431143058,1270.3316844088777,1868.1348948825525
2036.0,1685.4608854734124,1211.0724113897618,1088.0233776084851,1403.5741715939935,1786.209305705239,1171.529228540237,1879.6963317770803,1692.883120441411,1265.5650319507793,1310.985746687112,1501.2286772398909,1562.7128949567577,1321.7901975818052,1516.2320763212103,1746.3440112412727,1251.9515432519624,1659.7688802612197,1404.1752119384,1442.104455547471,1448.2901803459754,1173.6662406089295,1449.142327565528,1453.2911958194518,1445.1973179467232,1276.9202106348625,1635.5048839351043,1171.6360791436716,1784.2160409820408
2037.0,1513.6986847998173,1335.4683701535805,1799.3755399619658,1582.322465934292,1681.4116964045297,1418.905966460403,1220.575235319319,1575.3254188057326,1486.174136778925,1611.992560017734,1840.7197782354074,1592.2120055420237,1435.190822056336,1660.331613158121,1673.7164869568637,1375.7255332617005,1668.0326462100986,1828.6617917036438,1407.5198994080806,1576.1348939887569,1229.2233117797082,1668.5973814941008,1553.696192655961,1579.2286799615244,1422.9771803593862,1668.4561976731002,1234.535564698402,1827.1974791165599
2038.0,1641.2814690395548,1957.6860738734524,1967.7279431411166,1411.1789905487058,1579.5096493370693,1246.172304774285,1411.650625926933,1601.7461191676375,1284.808225598431,1425.1193753419273,1528.441215834411,1638.0075673013714,1413.0641258051621,1593.3675616630353,1784.650130840454,1918.8402535868363,1821.2010185694967,1607.6947590796863,1365.5197783825677,1618.04118875325,1643.3804303324564,1350.6447861113259,1582.2606178640528,1597.5568404153364,1412.0040008964902,1642.855690009231,1288.1000536240756,1955.7437828591217
2039.0,1661.222958176063,1975.5919051239657,1579.951735057216,1172.2624262218517,1566.982079184831,966.6594162412821,1536.3863086984863,1478.9595087971975,1455.2066797325992,1352.2730535326104,1745.4820744669064,1563.4548861462943,1584.840547312001,1831.7287199706016,1877.3867103204252,1823.7828532780497,1690.1850883018965,1200.0773533909523,1519.7708817963337,1723.5705020644673,2157.9482916399597,1488.546895078423,1588.7395852060183,1573.4669071210235,1481.356355367504,1740.0041813662965,1173.6531725803068,1970.6816453837887
2040.0,1548.9046702668645,1623.1938103129323,1567.6262633665146,1678.8173076797875,1663.9006487754386,1579.453418498997,1525.4403805634638,1882.918776717088,1277.9575249867094,1787.6202474991032,1900.6464679028284,1200.3218340600824,1430.577681659679,1417.8115918311107,1914.6720882644865,1541.445645518556,1279.1343684687724,1769.718845271268,1440.6801030997967,1346.1886076809606,1404.5446288843807,1410.3023875681656,1554.1762408580448,1545.17515789271,1412.1796886339018,1675.0881429537003,1278.0163671608125,1899.7600833435413
2041.0,1582.6695658165363,1580.3642704543038,1545.0399908962027,1482.241386810132,1659.9254540109996,1861.5435921717108,1535.243888969353,1255.5907730330546,1254.9113422589103,1298.515015374761,1668.3354001266594,1750.1406159542107,1446.4164644978787,1414.1111516125704,1592.946474926673,1131.4657787222359,1531.4224931071549,2010.7550430984702,1733.6259623934,1791.3989735456653,1171.3212943929989,1787.4564377567822,1549.3382440877574,1562.702130675253,1422.1874798338974,1717.3033218267149,1175.5007967862944,1858.0363612404085
2042.0,1867.9719070939996,1635.6308670598878,1681.5375528281038,1484.7896890961067,1778.7947171418637,1235.236527763709,1097.2635325027852,1606.660616441718,1563.7947725054573,1170.967639474682,1754.5308975327316,1327.333629010677,1528.0243302262008,1615.7291949905016,1581.1591795550578,1493.669308597812,1607.363531079604,1710.3079484463706,1745.4340395820109,1551.4056704225368,1296.5001503085205,1670.8209649186756,1545.6784848445006,1593.9098979983878,1487.009593971533,1678.8584058507467,1174.1810838891333,1777.581526161407
2043.0,1500.1223982819397,1499.832403899154,1734.7622126656006,1333.1635406398277,1496.6100402775226,1742.4038476529036,1386.0397698554402,1437.2253916503269,1577.9833195958354,1843.5116772660228,1940.9385495167442,1450.6298869152758,1507.2099492514071,2261.706467505678,1873.4147679540818,1592.8513686742917,1548.2267752686387,1259.6894226885524,1419.318667506579,1464.625731474007,1575.999876757595,1706.1559630085412,1597.8373649229982,1527.7183622600228,1454.1288480549586,1727.6106502513358,1335.8073521006083,1937.562360438611
2044.0,1513.3182064334108,1603.8373005176027,1697.0634612838694,1616.7766966829276,1559.1090745627298,1500.35727079768,1549.8788598348938,1670.2358528467812,1870.4869931981946,1520.8789393859718,1574.4420540696979,1765.3357630237283,1118.217075238772,1554.304606401259,1663.5558164698111,1460.1796881518567,1659.9072967504565,1290.4505214696314,1832.785342313106,1518.9519528047385,1783.2190051045927,1312.245517548564,1574.3426043131947,1566.7755643162138,1514.7266430262428,1668.5658437525387,1291.5402712735781,1830.3070254526804
2045.0,1809.6703110020371,1555.2402150918228,1585.0309870838828,1525.8732957629093,1533.3106300641475,1528.5657154840408,1386.316512285839,1758.383810785125,1204.6448294956008,1596.0653119802146,1494.0096760426457,1620.7183864070885,2086.519258915814,1631.2906038526337,1705.2150668451807,1329.2508505007618,1348.87951035671,1482.560507121275,1411.9972910302636,1863.5937610947622,1095.0440086293952,1644.4624887703412,1554.3928649364768,1544.2754225779852,1429.6380950530165,1641.1695175409143,1210.8751305458588,1860.897588590126
2046.0,1282.706996456517,1386.4297034911374,1493.4535085945754,1298.633967641831,1651.7367360601384,1414.8302485613158,1192.3253672445526,1496.3794030285499,1460.630191967472,1353.5178492495334,1514.036506094186,1598.3595811440864,1875.8839297133818,1461.093940716097,1628.15801780186,1280.4676433859754,1699.3644147045052,1720.6379881391058,1757.0424484410466,1460.4301169434166,986.2298358196057,2093.9910226384145,1504.8336099016958,1477.273724655336,1361.7458128099343,1645.8420564955688,1196.7324810516238,1869.9418556497649
2047.0,1440.7683274937058,1430.2650768792432,1500.4185973530468,1291.63389964624,1975.5586583960735,1747.9178501088654,1806.1672313993085,1633.8576963768105,1565.973963214762,1690.2791142044293,1827.8316090457167,1333.0234196581046,1547.9640383182498,1506.9197040546726,1534.3278709423846,1202.4636523799927,1395.4664806454048,1462.5998542505386,1411.927528579736,1896.134960976451,1305.285082241835,1432.1344906115883,1542.6781412171438,1503.6691507038597,1416.5119156546127,1676.1737597475246,1292.3164587760198,1892.7197933799143
2048.0,1342.8259368871636,1749.8959870052374,1482.8899417768298,1873.8327494564146,1776.125427844977,1491.7376355375723,1492.3331895891124,1658.4352348295497,1493.9510007473928,1675.6517768083738,1309.3048931071166,1436.7992273210803,1852.3749966271794,1674.0812472150992,1686.9950700119116,1886.35621316933,1262.3960330364162,1521.1445344520143,1513.370481399781,1989.2473571486335,996.6023939489332,1309.3461954583518,1567.077160153567,1517.2575079258977,1448.3219059350176,1734.170757756906,1264.7414760399513,1885.7300399836843
2049.0,1813.7522830158673,1713.0712378532508,1327.3111519690474,1829.9821197458186,1559.090999864793,1745.1244690782005,1377.4590075670858,1525.5710757441193,1391.1995953706921,1467.2089350690753,1753.4781315600808,1493.358547160915,1430.4709597989422,1718.4592146799844,1453.2354390885912,1539.0490555293354,1229.0163541076013,1622.0637203367232,1566.9084292896962,1520.933910597887,1168.793009934177,1542.3900690310575,1535.814896199679,1532.3100656367274,1436.1620796213545,1690.3193584741189,1233.9310940006735,1810.738575443078
2050.0,1733.9453275345293,980.5930783134102,1883.5691889639008,1822.6036705240042,1751.1829027492809,1327.287962171829,1455.3909689686434,1198.178727902905,1325.5432668665705,1137.1525628580287,1725.3726557171344,1356.1362717130123,1290.079000095659,1951.2397949647948,1528.7433137345865,1296.8176358185303,1401.348640645725,1581.0200820360478,1612.1484349825737,1801.2782803817686,1518.8091346202982,1360.619267098076,1501.7754622118773,1487.1000517944708,1325.9794406928852,1731.8021595801806,1140.2038711102725,1880.520913041906
2051.0,1731.9371905385397,1284.90261263849,1559.9487257201645,1947.8917980489314,1180.2682064355622,1700.9461476624865,1617.7832103281446,1443.0275552309467,1444.2880566702627,1096.2641648136128,1686.313007999361,1689.989484866777,1554.2885807772905,1554.2388888607377,1428.3598669897492,1139.2647709508367,2066.707651116805,1679.8666319343597,1759.194111146462,1827.4453677615384,1863.1123955606029,1248.3054249991255,1568.3792659568537,1588.8659680241544,1432.0267890500486,1724.1894298195264,1141.314942725073,1943.652827924515
2052.0,1644.6004284910684,1329.8347703563081,1596.7407679569078,1212.1520091591265,1722.1446914834928,1892.019487364223,1625.1447774443704,1472.774455040667,1629.8849455768136,1688.9678203295055,1337.8981375596084,1731.9574485553176,1809.4906925524224,1790.0825388257886,2068.922045811319,1530.2159353788538,1531.7482761428778,1588.8586125294069,1518.140467258459,1537.8264980245547,1628.9709634350033,2012.262924154993,1631.8472133377766,1627.057870439687,1530.59902056986,1729.5042592873615,1330.237938716473,2006.2507523154545
2053.0,1609.1818390185263,1489.9570872518893,1697.2477028213007,1978.7351163732353,1695.9436364944281,1801.512621723134,1441.3304588811855,1712.3868994708346,1297.288220037035,1441.6843738658258,1146.8358328188806,1615.1418494960722,1651.487837067132,1449.2431346209287,1638.0095471173308,1535.7056032883804,1369.053181151297,1862.4808126245853,1488.8611039989241,1597.273942709512,1061.4240965450335,2010.873666728314,1572.3481165501719,1603.2278908640192,1443.5740640546014,1696.9216862395824,1154.3584521797884,1972.9224011858028
2054.0,1412.4284040299178,1724.6602738433069,1396.8449452508935,1575.549851702499,1496.4634711388726,1300.5107010525946,1689.347042208307,1570.1282815214654,1472.9520548786636,1796.6844195394742,1544.089555568844,1585.1381319812276,1524.2171318578585,1893.81476496982,1737.6901509168295,1055.3344027006233,989.2817822118886,1329.1396550403192,1718.424815089685,1657.9808565290477,1219.1046433420638,1486.0709834931527,1507.993469039425,1534.1533437133512,1400.7408099456495,1681.5054957884922,1063.5229147326954,1793.734706108342
2055.0,1576.1910006806318,1352.8783377492914,1316.069764933377,1350.2894255350839,1391.8170662939929,1274.519972439302,1525.3202534375532,1353.8518389128512,1396.8806900604122,1508.8143249259474,1529.0353061343865,1685.4098189434126,1349.296140724573,1715.6963564600176,1621.7780059462234,1462.8415537029014,1514.22680752716,1629.8985029382038,1483.6248913594623,1625.8121769027184,1236.5286988688013,1532.2698619045184,1474.229581653674,1496.2196081427048,1353.1217130401815,1565.2107159866034,1276.5974620640056,1682.6342531431521
2056.0,1294.5407170855233,1799.301294240945,1549.5857186620156,1754.8879825817494,1621.1766919831575,1757.388943804085,1593.8363069629418,1498.401338417409,1506.851846149661,1698.9733652925622,1409.0817205603855,1462.114165950138,1515.7808234523004,1442.3519499873635,1651.4402191755466,1375.4762138865203,1253.0382347485793,1637.3102835836107,1716.2329267071955,1382.109866229348,1720.7097234791036,1654.5559174457821,1558.8702841084514,1571.7110128124787,1447.292503978057,1687.8690033308671,1298.5874919255732,1757.2638957429683
2057.0,1669.1273509625262,1678.361311422202,1923.4137712066513,1813.3359898021808,1793.6385877170437,1790.9256585867524,1505.437933448502,1246.4482349537775,1411.4351192783488,1747.091765478021,1672.3178130910242,1651.6584149824782,1565.2022488576536,1520.9878976356777,1708.7050669559953,1522.0102707457272,1348.0779042082313,1466.468979531055,1558.7974387221152,1441.9962429261432,1551.7233314078035,1335.338066379154,1587.386336286321,1561.9998437898844,1476.2112180104168,1701.119128072547,1335.9750582706079,1812.3511196979239
2058.0,1805.5947147113243,1255.1007218222821,1547.1727760586077,1456.423064853675,1760.8700298013105,1712.8945642231315,1328.653016267009,1365.3708672967696,1468.9062319018844,1650.3862009148406,1682.6542694606644,1529.0038737149416,1238.0749184560214,1581.9398721939933,1874.0165962064173,1355.9988478115315,1360.0087703383908,1802.582556814673,1609.552165992582,1486.4539613502984,2036.5291987449325,1699.0137197489275,1573.0545881220096,1564.5563241263005,1388.133916685996,1709.4243531045804,1258.7783365445184,1870.5955021316627
2059.0,1645.4956434275657,1848.809555739291,1337.8826269018646,1425.901071191912,1764.0256665096128,1571.3965219464,1528.7039565316995,1593.94613666542,1356.6167379163346,1317.8144235502295,1401.6934304474544,1518.8328149484732,1832.3849115862572,1806.3877268297347,1708.167392244522,1380.7372318097805,1818.46670202288,1652.2541119727975,1345.6097896667188,1799.1000293675825,1735.3475322773875,1597.2885281130402,1590.3119337121343,1595.6173323892301,1407.7453406335687,1756.8561329515564,1338.2689850401073,1831.6890011080884
2060.0,1747.1675083081152,1356.490313516349,1509.685947538037,1509.0892315039355,1480.0014076772654,2033.6483513531355,1617.304879899234,1601.965796940442,1439.1384931958214,1779.5586228917841,1576.1274685085455,1520.9691406307684,1834.3415559009372,1824.6873094365299,1627.0653033310518,2073.6584158864275,1866.1012128222296,1697.1027931357185,1537.682924378757,1725.1134818890932,1540.5877762622708,1730.605311830108,1664.9133294016613,1622.185091615143,1525.1475865677655,1771.4608442458668,1441.1816389198937,2025.27099442659
2061.0,1984.3348636618387,1303.0623395624616,1527.6306303621823,1668.3764120682781,1607.6920483672125,1269.851247831005,1355.0862738791616,1175.749444725966,1604.1544163308145,1428.1476567477498,1525.1394377689905,1489.0702136623077,1569.5173573621787,1832.9790814628723,1797.2172796318605,1420.6063186850429,1223.7669521229902,2103.391603122236,1223.0778204700578,1600.8114997547864,1421.4944362688955,1502.2084575187137,1528.7893541530727,1513.673947643852,1371.466285080632,1606.807640358113,1223.1122770527045,1976.7670745518901
2062.0,1410.77720266303,1414.9769449956693,1661.308870646826,1776.0276793974072,1694.8432552790848,1294.5129438254412,1492.434393464805,1199.8587094306458,1727.0090711648077,1240.5918503085275,1749.2652870915663,1550.6634580910827,1575.419611707224,1467.8500263031651,1518.248240661488,1470.7611379882906,1183.1484645186338,1815.0932064959477,1408.3179291094866,1563.6404667639226,1832.9323318885486,1702.897410590208,1534.117204199355,1534.4558493762852,1411.8271382461899,1700.8838717624271,1201.89536647454,1813.1399301410206
2063.0,1822.7794950648831,1578.4381164520937,1166.1594268200815,1254.8635580395512,1921.1425251474566,1456.8098210231142,1623.150257920264,1192.7524858467223,1432.7644349993648,1826.8458300520763,1672.5135933329113,1593.070894981338,1179.3217771740217,1414.3048683475627,1295.0314387923659,1391.2766510645497,1425.983906279996,2097.9801948443937,1784.7599524855013,1293.792590639623,1181.5298823798696,1051.057144742117,1484.3785839286297,1429.3741706396804,1264.5958161895692,1660.1727594797494,1166.8175443377786,1916.4276903926875
2064.0,1437.8551279776705,1528.070908010045,1725.8209925130814,1744.9821412234314,1375.7935449898605,1834.105730047986,2036.1834151406867,1652.889596130126,1597.0073479073676,1783.2875742305732,1309.4871892577778,1350.7369335873818,1817.9929045845029,1292.6689763997388,1466.161878234912,1349.3639762093608,1666.8794369773195,1504.5628539907739,1488.9604759129497,1575.237095407192,1502.0324485754024,1449.6895658923222,1567.716823327294,1516.3168810004095,1440.8137374563335,1711.085603629141,1311.4810286053569,1833.300088774812
2065.0,1585.1147947568506,1643.5247384215188,1369.1055129262168,1774.1322653688485,1254.8150709329207,1979.367317354081,1297.3256755591365,1237.0783483700109,1505.8533568526968,2023.7299196407548,1749.4813557460675,1424.9390765450044,1930.5316594095927,1366.03517828691,1631.665375840591,1555.7003506049018,1419.0918026725562,1453.819892546585,1128.6774408539738,2163.970042151823,1489.4842288481414,1209.919907339986,1554.243786864962,1497.668792850419,1366.8027619467366,1722.9922014149304,1211.277829391487,2021.5117895264211
2066.0,1464.3123403970264,1987.7393904076143,1116.3265260639491,1429.1737187384115,1618.8609130390887,1718.831568820913,997.5721159596816,1615.8413937580008,1290.48883153024,1772.9217504116732,1705.4585592292838,1393.474798936171,2108.5001257775502,1439.1774264398293,1869.729688334741,1396.6487988815516,1404.9728774346536,1232.6149150838319,1570.3567318707655,1849.0960874938764,1651.4164832605807,1651.7252643096256,1558.42001391723,1593.0990628143832,1398.729818519827,1715.4883164230057,1122.1409455149433,1981.8389053039705
2067.0,1604.759487941473,1733.7721969526071,1101.5959574708631,2199.302801632889,1648.8637783520403,1397.2513010581365,1217.4450571173725,1382.1054547039182,1359.0140960045346,1439.9048477016663,1829.670745595854,1558.3625359018242,1201.5383013653377,1718.701137399205,1680.0738304304155,1295.8839324908581,1543.8008344088148,1473.5385406434943,1834.599815239236,1521.0329151718724,1686.364844923861,1611.3633097113961,1547.2248055553487,1551.0816851553195,1385.8919162924728,1684.7920913004996,1202.3336391529394,1834.353361757067
2068.0,2296.142094556717,1468.3308912518442,1779.8178735708461,1456.8065952322286,1671.599475689277,1444.627190954975,1699.1483491670692,1402.6361935636942,1772.5932823368794,1970.1140959043414,1507.5662773461177,1537.0123821062975,1626.831307575128,1784.9356268437105,1740.7473852355831,1503.3784088037748,1304.634573154304,1130.1223661970766,1446.285638820493,1625.444001016831,1315.0094520321977,1532.5246091799272,1591.6503668426958,1534.7684956431124,1448.915877923427,1730.3476262184547,1305.1533170981986,1960.8551724513097
2069.0,1525.5582667093904,1894.8120725175465,1742.0806179079818,1720.1702665834075,1659.9101694846127,1392.7701814035686,1956.6247007145932,1617.2944957396794,1640.633394157885,1603.648726503573,1822.5702073286407,1918.2019886271291,1861.6973467323078,1318.9814623625125,1938.1049624567002,1247.3897503865373,1439.0562331927654,1596.3278150385577,1252.7921113488305,1360.4450347057991,1407.241682280869,1892.4737583982221,1627.6720565718686,1628.9639449487822,1415.1953200088433,1851.915561881391,1256.1015788995146,1937.1098137652216
2070.0,1318.7640760007178,1704.2649787989774,1108.2738623444698,1738.6244778856935,1495.928182921844,1734.4770344114054,1472.6026400237458,1773.7132405779,1726.542546840217,1475.6060696186296,1577.7124049759138,1603.2774987076778,1328.5098524077966,1443.0033028436355,1800.3147442387497,1451.9202768016498,1239.8846782670894,1683.2548943948495,1326.9150381017448,1295.8649222506665,1091.1532582090558,1677.46203225945,1503.094091494631,1485.7671262702368,1327.3137416782579,1699.0124576979454,1114.8544031406007,1771.9588024432896
2071.0,1526.562456741408,1654.1704396970147,1561.4469914307024,2067.750581886321,1812.0584266436595,1301.8668769197404,1852.2565277021158,1372.6481265146049,1435.6439621330424,1728.1770551008094,2043.4845157316602,1710.5628794875884,1693.3280277210429,1580.6718339889699,1650.4476901015682,1475.3442641941092,1385.7825056389884,1448.4006098565033,1525.1990712718048,1560.1130313026033,1247.229622296588,1270.4272218364167,1586.5260326453301,1560.7800113666528,1438.8331240639077,1706.254166545952,1271.9992045905828,2033.923116330183
2072.0,1694.0232809461654,1250.8316135636733,1233.6076514284173,1323.012236956356,1662.6693480258098,1655.1566436176543,1711.6588614016564,1662.0288596350122,1536.1234502611978,1508.5501808075549,1839.9787141964225,1173.6548462739052,1500.0716826975804,1753.8947255387995,1732.6337717480696,1770.1250338382097,1582.2394276804573,1239.5372279455842,1923.0011504734223,1718.107382770586,1535.2970292002824,1435.8680311794956,1565.5486886448323,1618.6980356490558,1451.9189440590167,1716.4952524283535,1233.9041302542757,1836.4860301785118
2073.0,1336.6027568354111,1875.771209762837,1895.4116008370988,1564.587611571767,2087.873824600956,1380.2409884649705,1335.6167070710626,1476.5168838013383,1319.7235950518689,1366.4941797691085,1528.6708376338993,1625.8254668264271,1790.8334589071046,1617.0943981987875,1602.0697289717525,1654.27508923446,1371.377925384237,1521.9647384008567,2238.6957110288677,1664.8154374757041,1259.0096092808608,1966.2324226280816,1612.713826442612,1583.3286702717596,1373.5936911544204,1759.3289535492545,1320.5182506528286,2081.7917545023124
2074.0,1607.2991022361293,1298.0225728869755,1525.9469070534124,1487.9441302059504,1207.0960577980998,1429.6231327049775,1418.9678669869636,1878.7240695991386,1361.7288863571957,1381.8474313836532,1209.7446224573005,1303.3169927095173,1251.8737348974385,1273.1695608553764,1951.289263977777,1585.5204657269724,1111.8995500224173,1507.188077158662,1765.4873802626225,1671.6597783468133,1666.9997144926526,1842.6142169340437,1488.0892506842765,1458.7836314554638,1299.3461778426108,1652.0745614285217,1207.22848603106,1876.9185769658839
2075.0,1197.0804324705255,1111.64327819329,1389.4367052616644,1369.3516636286745,1859.7009795030317,1471.2472988684965,1477.791451761425,1665.4262178685713,1590.4890294566726,1718.4537804257218,1635.2126422058689,1907.940142248276,1949.990573280465,1698.4115002786298,1958.2708071033298,1603.581234911917,1401.6544397551925,1463.714234783376,1576.5572034941783,1677.1240372891725,1347.8414278939938,1584.0430114738497,1575.2255496434693,1587.2660204652611,1417.1693885122384,1693.0896345312653,1204.618482241699,1947.8880517288555
2076.0,1442.4848474636892,1911.1193218519077,1535.7726343758259,1490.525324472469,2040.2761462968556,1516.811818754627,1427.4117239860814,1405.125691315959,1335.3299116648486,1440.191238909324,1450.783392482164,1462.2244105523664,1266.215820539628,1590.972722242401,1430.8781999686726,1590.6342470610525,1609.2785665656663,1443.8140433765966,1486.8805929177036,1870.0607654577198,1649.8589879711517,1609.356536782813,1545.7275884095236,1488.7029586950862,1440.7646410479153,1604.70210548485,1338.8197006474043,1909.0663940321983
2077.0,1362.1737335725156,1473.7157879213157,1757.5860918462581,1485.620786411414,1739.3406576044613,1389.7358848190806,1801.7054140868652,1137.595528751217,1390.9514710636201,2011.7457712490477,1321.6456061092372,1454.1767959516164,1172.7388117900546,1617.7240957144477,1523.9220157026143,1487.5223289774965,1866.1022988058014,1354.423839268054,1489.6009762664917,1245.3636467491606,1588.4920938260066,1246.9746266217726,1496.3117392322065,1479.6682871663647,1356.3613128441693,1610.4160952423374,1176.3700535380099,1862.8824545698546
2078.0,1527.9561035113375,1679.9584978921189,1715.5622725397052,1405.607773560547,1594.2844296469068,1094.2344387160801,1345.7844879693653,1612.0893449377036,1324.0776201178107,1202.4140572950641,1647.6408544027208,1473.9738213532746,1729.4573849654398,1690.4161480650146,1804.8072245630683,1577.8344658944063,1755.0233447130715,1464.8303265884124,1709.7915965077243,1820.8863154121445,1608.9068780689558,1301.4805387079377,1549.4099057013095,1601.5956538579312,1420.4134118175134,1704.9477343970468,1207.3673813657078,1802.3180305705685
2079.0,1849.8761790779613,1753.5005933498724,1626.5647635843834,1682.4804998902196,1408.3093976953705,1479.6993113620829,1531.6596671965726,1696.2236340027175,1384.4798350740348,1258.6719667896532,1501.2452797659648,1321.5729336570662,1533.9781250688247,1831.2760100147557,1687.3214584708962,1483.7712219381501,1466.5014286624496,1437.7198296283495,1536.916543659308,1949.1344118276018,1464.7717941179194,1637.8797190132534,1569.2524819930643,1532.8188961326987,1465.204202754052,1686.111218825727,1324.7182787279146,1848.946170624801
2080.0,1863.159214705148,1819.7817073949168,1044.0319483151711,1879.8466771612993,1370.5651754069322,1383.2727998648693,1544.9015024652908,1278.6471238681315,1381.2075699952288,1499.713715861708,1558.877423262738,1256.3255442152695,1293.410215387803,1383.4099024412012,1709.4759749294703,1268.1493587983532,1781.242759487648,2097.2993115753184,1380.134427432614,1681.0371249390005,1519.9774178884923,1403.7038812074115,1518.098671663819,1451.7087985345597,1372.9574884133526,1702.3662624318529,1256.9167349444238,1879.0123040384917
2081.0,1287.7262454415188,1754.7975273421116,1720.074620449327,1593.4652609206921,1536.518088073035,1381.8500042968637,1610.2816214584436,1495.4717483984382,1306.2882539495092,1617.8343814903642,1356.337685199452,1530.9246873209304,1470.0713074235496,1749.44131713886,1945.8900519026256,1734.1175976818477,1385.8161568338567,1768.4597036284003,1833.5254376300732,1607.6610456909975,1560.6886786999496,1526.102483566467,1580.6065411153324,1577.0769698103209,1476.4214176672717,1730.6068533737175,1308.7907255120065,1830.2721509299895
2082.0,2120.1967472856495,1724.684090748721,1308.5399125604454,1986.4187952892735,1520.1456067607296,1491.4937986606105,1252.7939776385772,1481.0699336128891,1361.0393688536988,1695.8229677337101,1291.31130975764,1632.0549850777638,1782.5659412447835,1578.1142878552089,1784.9506289564588,1758.0775478034298,1427.8112782453998,1663.9556611197122,1609.5083384075172,1566.0188942268633,1618.6675873283207,1348.1848636855943,1591.0648419478637,1593.811313131363,1441.125942087272,1717.4688099949683,1292.1727398977803,1976.3453869726327
2083.0,1500.384066663878,1855.7322026315362,1445.8926624694072,1319.3385473793385,1226.3964995069102,1621.294873864207,1766.3135734068192,1150.2654127734559,1498.9193560287688,1765.8601597702245,1468.7906835808803,1714.079480868932,1458.4666270112757,1472.90336267428,1946.8738709503384,1758.2424408583393,1276.4435901139877,1841.0362708965295,1545.374880281878,1566.6429188790516,1318.1155000657113,1793.7774835023106,1559.5974756444573,1522.879473472878,1449.0361536048745,1763.9557300422532,1228.898854037264,1854.997406044786
2084.0,1864.699018988533,1486.7437724935485,1358.7582094183745,1344.6650757978957,1737.4657465407836,1230.6731671457896,1380.195983265736,1257.9849878461744,1623.5974541458886,1283.9454382193026,2101.3695088387067,1514.8453910915691,1668.5029950450635,1882.7288934198805,1831.2409463084061,1759.7016504370317,1412.1261040880968,1504.7351721332234,1637.925839935784,1410.683838916293,1293.9114565476643,1559.0791417313994,1552.0718087434157,1509.7902816123963,1364.1176528802148,1720.2250586668536,1259.2830103648307,1881.827399698313
2085.0,1638.2526738310426,1828.523464366117,1647.7046101919768,1904.3026262419062,1844.071953067396,1376.3105107197134,1882.8544902014187,1713.3429247271067,1426.593949858102,1613.0900639311221,1526.4562787011982,1990.6966602290097,1638.342024956728,1756.841673669902,1959.449235298146,1280.5651027822023,1450.8682610927735,1513.718665551437,1586.1031043618852,1573.1974031186382,1560.3881889018112,1386.5008819541204,1640.8261248978977,1625.6713688810823,1516.9030688388773,1810.6030166920632,1376.8200292814338,1956.691904845334
2086.0,1610.0747280802125,2050.165835576945,1408.1351202546102,1833.1453017431386,1602.433612985135,1474.7497549133413,1586.3986754528923,1380.317988128627,1632.9232403070905,1642.8282516986826,1497.1914549335906,1554.1071391289734,1563.5030487218955,1874.5959630464313,1821.5332426992052,1438.80639519125,1515.9015923294246,1545.8484571431627,1427.575663087147,2017.8291528072377,1645.9472146409098,1568.789405050552,1622.4000562691115,1577.5940402517222,1501.8689892825491,1645.167473905353,1409.107147396237,2010.6674933191973
2087.0,1442.7585999542089,1306.9315245827624,1590.0792379598215,1835.5094407100864,1904.5733821826589,1651.4902213789935,1647.3293699670876,1536.7242048779644,1286.5230498778317,1528.3356542701085,1303.6493798550623,1225.7300248690512,1375.7815211383331,1294.6462227118548,1597.9289451219086,1373.6841848932784,1346.5149946256397,1517.777767782809,1653.9428179088575,1283.659644449699,1731.2055977985096,1820.599468875298,1511.6079661723554,1523.0567110264587,1316.8273920934816,1650.450008526017,1283.8028147211057,1834.763942118347
2088.0,1630.8585245272384,1512.7086586691348,1518.7290864975694,1802.2371722650405,1863.8222733555494,2131.255426353109,1637.5774881173356,1581.867915876711,1331.2871724004708,1586.302503480772,1254.684418370427,1206.9339875957212,1426.0524385802228,1482.9828455359411,1861.6451376885163,1560.0431736222524,1471.6756205855859,1613.6608791989943,1853.601083754027,1735.0570792054896,2106.371293243386,1661.059198211703,1628.6551535061453,1599.9816913398831,1490.4142988192395,1785.4421490001528,1258.5145560719293,2094.243842248994
2089.0,1286.6203430222847,1368.1290794408028,1325.3343858423236,1550.708771131417,1259.304097381198,1723.0937205788791,1810.0020017991312,1542.9434158529375,1554.13875171933,1089.3553998692596,1554.9881969154455,1774.5622390533072,1614.027908978312,1407.494056011295,1755.1566791598566,1328.886827715496,1539.7713450492513,1750.9085182707508,1714.3706297304536,1752.0773382062316,1704.1078100812058,1486.478492668357,1540.5663640217056,1552.4237614253734,1377.9703235834259,1720.9129478667728,1260.6699096632524,1773.5919610586345
2090.0,1592.7167296639766,1729.4623171631429,1187.4166164483768,1698.9034297825071,1840.1014166104885,1381.8404756086125,1365.6588889383272,1559.9780586353972,1535.650512813146,1810.572706175637,1698.8313559837572,1635.347666555458,1435.1053186907961,1772.499954911987,1973.0723617622073,1340.9255588202086,1462.0606097064874,1478.8738171832392,1282.720738263467,1732.3765896160694,1938.9092152125102,1611.8050144302836,1593.8558796807308,1602.26087204713,1441.8441414447188,1731.6480215028378,1285.6309792913041,1933.968825282409
2091.0,1497.6158166191965,1389.7476112870436,1620.6161918054818,1621.2715326035323,1734.1618482838016,1843.2538733131082,1575.1397021254838,1528.8678957031152,1474.863143720114,1342.686603428556,1238.8324079772815,1737.9112249844725,1440.6409626054312,1902.0487044722265,1752.0972656251543,1132.5164211754782,1703.325627737423,1735.81397535836,2019.2060972769461,1591.626273734596,1612.1672981933045,1506.7163450343742,1590.9603101392947,1601.8967859639502,1480.5513119448847,1735.4009435897206,1244.0251177498453,1899.1089629142705
2092.0,1603.4163155829333,1357.3007177352679,1327.434760244023,1207.2126399967146,1551.2070047542238,1472.1277973738097,1863.8996175755892,1255.1135121690095,1504.9045318040612,2066.1929351792537,1385.5027166859793,2249.69740163626,1717.3734377449478,1870.368928267294,1883.6598379836767,1337.1483728852752,1555.4801478146628,1769.8648078425776,1632.1201822714938,1827.7997016133213,1613.8709453872336,1369.4989484661846,1610.0543300460815,1579.448231698798,1373.4998905211332,1813.3159781706354,1258.7295745727602,2057.0662803194746
2093.0,1571.0717965403092,2049.828997156442,1423.8429029051076,1683.5590436753819,2060.4079517106356,1363.5986399266528,1338.320511958412,1133.088033515378,1630.0854766436885,1741.025501081151,1374.8258012426618,1350.5562519883938,1507.1461891206638,1727.1450165257875,1834.749085372002,1354.5430921683192,1575.0514398329026,1746.412327315329,1296.612295688236,1906.3025136949364,1498.9196152124066,1467.5754597297328,1574.3030883183878,1539.1089928304864,1366.4054302556551,1737.55537994231,1298.6977065017447,2042.6526729833665
2094.0,1456.2457316247674,1538.6232999412641,1544.7064653062853,1427.5167435372168,1772.1003916965387,1438.4199242951581,1632.3348542033473,1451.4148299709177,1598.6547016310851,1576.6761153212883,1475.1806248029773,1559.3811977217251,1303.3842248617275,1465.8329904004859,1871.327098044632,1460.323740685061,1514.1649798641313,1703.5771025685563,1378.0981281174631,1586.094287972628,1559.0724768767473,1677.168554371724,1545.0135665370785,1541.6648826237747,1457.2652338898408,1595.5145982164709,1380.5690588884509,1768.6742272401395
2095.0,1318.3114899114337,1616.3173512074536,1257.4359695314342,1528.6077537506173,1800.8174258678964,1581.105250984217,1633.695333608921,1611.6513391086187,1337.4487807014405,1816.1733809580028,1770.9043173708892,1618.7613957116412,1389.9969211252255,1375.9246804566146,1776.7693308850112,1166.2682596102854,1245.8414811296655,1821.10370481887,1771.6269908914796,1668.9955804424244,1390.3713426680326,1383.1103832614644,1540.0562938182563,1596.3782950464179,1377.721106157827,1745.4271331387731,1246.421205549754,1815.4055832034974
2096.0,1380.898319131694,1692.3388958825399,1633.3315140772356,2010.4959999513198,1271.4852749138117,1547.5025353630144,1823.8796971788588,1610.4273305289553,1898.8424254612255,1698.4325973428213,1613.4590906740584,1244.7765466627516,1564.610312260379,1596.2406064384595,1645.9135699009637,1230.013888423423,1261.5422682731262,1437.7635502002931,1718.979098999489,1945.4344449107793,1366.3892706635265,1555.8130546228313,1579.480467811889,1603.3339684837074,1395.1146268988439,1696.909171977751,1245.6148327432702,1943.1048439383017
2097.0,1977.9197938363268,1907.6507925416877,1446.7388082525304,1817.1965321138146,1324.1874545447786,1570.8518866318116,1923.736888159602,1348.9165150989948,1631.3497054918116,1885.1951336908542,1838.591062423977,1393.224001714077,2017.2815611864862,1781.1035025350038,2025.5995225872787,1388.4094508281605,1540.2630262971372,1437.4489527301193,2202.5460631592905,1607.422233531497,1672.9805847003176,1056.0764442690129,1672.4859052874801,1652.1651450960646,1439.771416610722,1902.0368778289794,1325.4239075724895,2025.183624517239
2098.0,1782.2074407921377,1596.7041917659199,1471.2274898169198,1674.6598445633083,2010.1334744615258,1199.1558618924728,1344.2565580022915,1509.9706636311964,1310.015702687349,1620.7686808785495,1561.3565936868968,1719.573495156401,1514.3740348894994,1325.8386408644583,1907.4144025905764,1715.207625156654,1455.344945336845,1545.6422481060144,1404.6335901733578,1811.4239342055498,1371.0042805008754,1495.5919506591667,1561.204802264453,1530.008141497757,1417.3114289642297,1705.0706800083176,1310.8068495962045,1902.614879171325
2099.0,1565.800996834139,1825.727118861039,1121.1929720352146,1182.1792864821077,1754.7768471334748,1506.2121903809384,1688.0658317335701,1419.823255256415,1473.3975547460163,1308.260532995291,2072.7918993160074,1672.4359682886757,1419.6190321857093,1581.5006502892252,1789.072336449345,1762.7264882406507,1899.5098151774146,1613.250533100927,1803.1807835188083,1714.8951513309726,1610.7052253008787,1523.9251828323404,1604.9568023858708,1611.9778792009029,1481.601213654747,1760.7390779638567,1188.4833488077668,1895.8206803615958
2100.0,1327.5645994381136,2149.8930796064087,1904.0709046611028,1798.2190219808842,1463.5104404604012,1775.071832965591,2077.9955636378986,1163.5135624908116,1784.6479449174424,1460.6083608172341,1902.919583862456,1847.9545570915889,1603.3270287940013,1651.5378117605906,1918.2701264824673,1243.6776042085057,1281.5639007017708,1710.764893739622,1844.3342136969036,1535.9172643417878,1499.690446794382,1590.9423247638188,1660.7270485097172,1681.1513527501063,1472.5554420438964,1847.0494712429177,1245.571919033169,2070.009291780127
